1,predators
200,100
200,100
200,100
200,100
200,100
200,100
200,100
200,100
200,100
200,100
200,99
200,100
200,98
200,96
200,96
200,92
200,90
200,90
200,90
200,88
200,86
200,85
200,85
200,81
200,79
200,78
200,73
200,69
200,67
200,65
200,62
200,59
200,56
200,55
200,52
200,51
200,51
200,49
200,48
200,47
200,45
200,44
200,41
200,41
200,41
200,39
200,39
200,38
200,36
200,34
200,33
200,31
200,29
200,27
200,27
200,27
200,27
200,27
200,25
200,24
200,24
200,23
200,22
200,21
200,21
200,21
200,20
200,20
200,20
200,20
200,20
200,19
200,19
200,19
200,19
200,18
200,18
200,18
200,18
200,17
200,17
200,17
200,17
200,17
200,17
200,17
200,17
200,15
200,15
200,15
200,16
200,16
200,16
200,16
200,16
200,16
200,16
200,15
200,15
200,15
200,15
200,15
200,15
200,15
200,15
200,16
200,16
200,16
200,16
200,16
200,16
200,16
200,16
200,16
200,16
200,16
200,16
200,16
200,16
200,16
200,16
200,16
200,16
200,16
200,16
200,16
200,16
200,16
200,16
200,16
200,16
200,16
200,16
200,16
200,16
200,16
200,16
200,16
200,16
200,16
200,16
200,16
200,16
200,16
200,16
200,16
200,16
200,16
200,16
200,16
200,16
200,17
200,17
200,17
200,18
200,18
200,18
200,18
200,18
200,18
200,18
200,18
200,17
200,17
200,17
200,17
200,17
200,17
200,17
200,16
200,16
200,16
200,16
200,16
200,16
200,16
200,16
200,16
200,16
200,16
200,16
200,16
200,16
200,16
200,16
200,16
200,16
200,16
200,16
200,16
200,16
200,16
200,16
200,16
200,16
200,16
200,16
200,16
200,16
200,16
200,17
200,17
200,17
200,17
200,17
200,17
200,17
200,17
200,17
200,17
200,17
200,17
200,17
200,17
200,17
200,17
200,17
200,17
200,17
200,18
200,18
200,18
200,18
200,18
200,18
200,18
200,18
200,18
200,18
200,18
200,17
200,17
200,17
200,18
200,18
200,18
200,18
200,18
200,18
200,18
200,17
200,17
200,17
200,17
200,17
200,16
200,16
200,16
200,16
200,16
200,16
200,16
200,16
200,16
200,16
200,16
200,16
200,16
200,16
200,16
200,16
200,16
200,16
200,16
200,16
200,16
200,16
200,16
200,16
200,16
200,16
200,16
200,16
200,16
200,16
200,16
200,16
200,16
200,16
200,16
200,16
200,16
200,16
200,16
200,16
200,16
200,17
200,17
200,17
200,17
200,17
200,17
200,17
200,17
200,17
200,17
200,17
200,17
200,17
200,17
200,17
200,17
200,16
200,15
200,15
200,15
200,15
200,15
200,15
200,15
200,15
200,15
200,15
200,15
200,15
200,15
200,15
200,15
200,15
200,15
200,15
200,15
200,15
200,15
200,15
200,16
200,16
200,16
200,16
200,16
200,16
200,16
200,16
200,16
200,16
200,16
200,16
200,16
200,16
200,16
200,16
200,16
200,16
200,16
200,16
200,16
200,16
200,16
200,16
200,16
200,16
200,16
200,16
200,16
200,16
200,16
200,15
200,15
200,15
200,15
200,15
200,15
200,15
200,15
200,15
200,14
200,12
200,10
200,11
200,11
200,10
200,9
200,8
200,8
200,8
200,8
200,8
200,8
200,8
200,8
200,8
200,8
200,8
200,8
200,8
200,8
200,8
200,8
200,8
200,8
200,8
200,8
200,8
200,8
200,8
200,8
200,8
200,8
200,8
200,8
200,8
200,8
200,8
200,8
200,8
200,8
200,8
200,8
200,8
200,8
200,8
200,8
200,8
200,8
200,8
200,8
200,8
200,8
200,8
200,8
200,8
200,8
200,8
200,8
200,8
200,8
200,8
200,8
200,8
200,8
200,8
200,8
200,8
200,8
200,8
200,8
200,8
200,8
200,8
200,8
200,8
200,8
200,8
200,7
200,7
200,7
200,7
200,7
200,7
200,7
200,7
200,7
200,7
200,7
200,7
200,7
200,7
213,7
220,7
228,7
231,7
241,7
245,7
246,7
247,7
254,7
255,7
261,7
269,7
272,7
282,7
290,7
292,6
300,6
305,6
312,6
318,6
322,6
331,6
330,6
335,6
339,6
344,6
343,6
349,6
350,6
353,6
353,6
359,6
363,6
366,6
370,6
373,6
376,6
379,6
383,6
385,6
388,6
395,6
399,6
402,6
405,6
406,6
407,6
409,6
410,6
413,6
415,6
418,6
422,6
423,6
425,6
434,6
438,6
440,6
441,6
442,6
443,5
446,5
449,5
451,5
455,5
459,5
460,5
462,5
465,5
464,5
464,5
468,5
469,5
472,5
474,5
475,5
477,5
477,5
476,5
477,5
478,5
478,5
478,5
476,5
476,5
476,5
474,5
474,5
475,5
477,5
476,5
475,5
473,5
472,5
471,5
470,5
470,5
469,5
467,5
465,5
461,5
458,5
458,5
457,5
456,5
456,5
452,5
449,5
448,5
448,5
444,4
442,4
440,4
438,4
434,4
430,4
429,4
423,4
423,4
422,4
420,4
418,4
418,4
415,4
412,4
408,4
404,5
402,5
400,4
398,4
397,4
395,4
395,4
394,4
391,4
390,4
389,4
388,4
388,4
387,4
386,4
385,4
384,3
384,3
383,3
383,3
380,3
380,3
377,3
375,3
375,3
375,3
372,3
371,3
370,3
370,3
370,3
370,3
370,3
369,3
369,3
369,3
369,3
368,3
368,3
368,3
368,3
368,3
368,3
368,3
368,3
368,3
368,3
367,3
367,3
367,3
367,3
367,3
367,3
367,3
367,3
367,3
366,3
366,3
366,3
366,3
366,3
366,3
366,3
366,3
366,3
366,3
366,3
366,3
366,3
366,3
366,3
366,3
366,3
366,3
366,3
366,3
366,3
366,3
366,3
366,3
366,3
366,3
366,3
366,3
366,3
366,3
366,3
366,3
366,3
366,3
366,3
366,3
366,3
366,3
366,3
366,3
366,3
366,3
366,3
366,3
366,3
366,3
366,3
366,3
366,3
366,3
366,3
366,3
366,2
366,2
366,2
366,2
366,2
366,2
366,2
366,2
366,2
366,2
366,2
366,2
366,2
366,2
366,2
366,2
366,2
366,2
366,2
366,2
366,2
366,2
366,2
366,2
366,2
366,2
366,2
366,2
366,2
366,2
366,2
366,2
366,2
366,2
366,2
366,2
366,2
366,2
366,2
366,2
366,2
366,2
366,2
366,1
366,1
366,1
366,1
366,1
366,1
366,1
366,1
366,1
366,1
366,1
366,1
366,1
366,1
366,1
366,1
366,1
366,1
366,1
366,1
366,1
366,1
366,1
366,1
366,1
366,1
366,1
366,1
366,1
366,1
366,1
366,1
366,1
366,1
366,1
366,1
366,1
366,1
366,1
366,1
366,1
366,1
366,1
366,1
366,1
366,1
366,1
366,1
366,1
366,1
366,1
366,1
366,1
366,1
366,1
366,1
366,1
366,1
366,1
366,1
366,1
366,1
366,1
366,1
366,1
366,1
366,1
366,1
366,1
366,1
366,1
366,1
366,1
366,1
366,1
366,1
366,1
366,1
366,1
366,1
366,1
366,1
366,1
366,1
366,1
366,1
366,1
366,1
400,1
417,1
440,1
451,1
461,1
463,1
469,1
472,1
480,1
487,1
497,1
505,1
508,1
516,1
525,1
528,1
536,1
542,1
546,1
550,1
554,1
554,1
555,1
559,1
562,1
564,1
569,1
574,1
572,1
576,1
582,1
588,1
586,1
587,1
588,1
597,1
598,1
598,1
599,1
603,1
603,1
607,1
612,1
615,1
618,1
621,1
622,1
626,1
630,1
633,1
638,1
640,1
645,1
648,1
652,1
656,1
664,1
667,1
670,1
674,1
677,1
681,1
681,1
682,1
686,1
686,1
684,1
683,1
681,1
678,1
679,1
678,1
673,1
671,1
668,1
666,1
661,1
658,1
656,1
654,1
649,1
645,1
641,1
635,1
630,1
627,1
623,1
620,1
617,1
613,1
606,1
601,1
595,1
595,1
588,1
582,1
577,1
575,1
571,1
568,1
566,1
562,1
560,1
560,1
554,1
553,1
550,1
548,1
547,1
545,1
543,1
542,1
539,1
537,1
533,1
531,1
529,1
528,1
526,1
523,1
523,1
521,1
516,1
514,1
513,1
511,1
510,1
509,0
509,0
509,0
507,0
507,0
505,0
504,0
503,0
501,0
500,0
499,0
499,0
499,0
497,0
496,0
493,0
493,0
491,0
491,0
490,0
490,0
490,0
490,0
490,0
490,0
490,0
490,0
490,0
490,0
490,0
490,0
490,0
490,0
490,0
489,0
489,0
489,0
489,0
489,0
488,0
488,0
488,0
488,0
488,0
488,0
488,0
488,0
488,0
488,0
488,0
488,0
488,0
488,0
488,0
488,0
488,0
488,0
488,0
488,0
488,0
488,0
488,0
488,0
488,0
488,0
488,0
488,0
488,0
488,0
488,0
488,0
488,0
488,0
488,0
488,0
488,0
488,0
488,0
488,0
488,0
488,0
488,0
488,0
488,0
488,0
488,0
488,0
488,0
488,0
488,0
488,0
488,0
488,0
488,0
488,0
488,0
488,0
488,0
488,0
488,0
488,0
488,0
488,0
488,0
488,0
488,0
488,0
488,0
488,0
488,0
488,0
488,0
488,0
488,0
488,0
488,0
488,0
488,0
488,0
488,0
488,0
488,0
488,0
488,0
488,0
488,0
488,0
488,0
488,0
488,0
488,0
488,0
488,0
488,0
488,0
488,0
488,0
488,0
488,0
488,0
488,0
488,0
488,0
488,0
488,0
488,0
488,0
488,0
488,0
488,0
488,0
488,0
488,0
488,0
488,0
488,0
488,0
488,0
488,0
488,0
488,0
488,0
488,0
488,0
488,0
488,0
488,0
488,0
488,0
488,0
488,0
488,0
488,0
488,0
488,0
488,0
488,0
488,0
488,0
488,0
488,0
488,0
488,0
488,0
488,0
488,0
488,0
488,0
488,0
488,0
488,0
488,0
488,0
488,0
488,0
488,0
488,0
488,0
488,0
488,0
488,0
488,0
488,0
488,0
488,0
488,0
488,0
488,0
488,0
488,0
488,0
488,0
488,0
488,0
488,0
488,0
488,0
488,0
488,0
488,0
488,0
488,0
488,0
488,0
488,0
488,0
488,0
488,0
488,0
488,0
488,0
488,0
488,0
488,0
488,0
488,0
488,0
488,0
535,0
558,0
576,0
587,0
604,0
618,0
624,0
633,0
648,0
656,0
661,0
662,0
669,0
672,0
672,0
674,0
671,0
668,0
675,0
677,0
679,0
679,0
676,0
682,0
685,0
688,0
689,0
688,0
688,0
691,0
695,0
693,0
698,0
701,0
704,0
705,0
706,0
708,0
709,0
707,0
709,0
712,0
717,0
720,0
719,0
718,0
717,0
720,0
726,0
725,0
726,0
726,0
726,0
726,0
727,0
732,0
732,0
734,0
735,0
739,0
740,0
738,0
738,0
736,0
735,0
735,0
733,0
732,0
730,0
726,0
722,0
716,0
712,0
709,0
704,0
698,0
694,0
687,0
684,0
676,0
668,0
665,0
655,0
650,0
642,0
635,0
628,0
623,0
622,0
612,0
607,0
599,0
595,0
593,0
591,0
581,0
576,0
573,0
567,0
562,0
560,0
556,0
552,0
548,0
545,0
540,0
539,0
535,0
534,0
530,0
529,0
524,0
522,0
520,0
515,0
511,0
510,0
507,0
503,0
501,0
498,0
498,0
496,0
495,0
492,0
491,0
491,0
488,0
488,0
487,0
485,0
484,0
484,0
484,0
483,0
482,0
481,0
481,0
481,0
481,0
481,0
481,0
481,0
481,0
481,0
481,0
481,0
481,0
481,0
481,0
481,0
481,0
481,0
480,0
479,0
479,0
479,0
479,0
479,0
479,0
479,0
479,0
479,0
478,0
477,0
477,0
477,0
477,0
477,0
477,0
477,0
477,0
477,0
477,0
477,0
477,0
477,0
477,0
477,0
477,0
477,0
477,0
477,0
477,0
477,0
477,0
477,0
477,0
477,0
477,0
477,0
477,0
477,0
477,0
477,0
477,0
477,0
477,0
477,0
477,0
477,0
477,0
477,0
477,0
477,0
477,0
477,0
477,0
477,0
477,0
477,0
477,0
477,0
477,0
477,0
477,0
477,0
477,0
477,0
477,0
477,0
477,0
477,0
477,0
477,0
477,0
477,0
477,0
477,0
477,0
477,0
477,0
477,0
477,0
477,0
477,0
477,0
477,0
477,0
477,0
477,0
477,0
477,0
477,0
477,0
477,0
477,0
477,0
477,0
477,0
477,0
477,0
477,0
477,0
477,0
477,0
477,0
477,0
477,0
477,0
477,0
477,0
477,0
477,0
477,0
477,0
477,0
477,0
477,0
477,0
477,0
477,0
477,0
477,0
477,0
477,0
477,0
477,0
477,0
477,0
477,0
477,0
477,0
477,0
477,0
477,0
477,0
477,0
477,0
477,0
477,0
477,0
477,0
477,0
477,0
477,0
477,0
477,0
477,0
477,0
477,0
477,0
477,0
477,0
477,0
477,0
477,0
477,0
477,0
477,0
477,0
477,0
477,0
477,0
477,0
477,0
477,0
477,0
477,0
477,0
477,0
477,0
477,0
477,0
477,0
477,0
477,0
477,0
477,0
477,0
477,0
477,0
477,0
477,0
477,0
477,0
477,0
477,0
477,0
477,0
477,0
477,0
477,0
477,0
477,0
477,0
477,0
477,0
477,0
477,0
477,0
477,0
477,0
477,0
477,0
477,0
477,0
477,0
477,0
477,0
477,0
477,0
477,0
477,0
477,0
529,0
563,0
592,0
605,0
613,0
618,0
627,0
641,0
645,0
649,0
653,0
664,0
664,0
668,0
669,0
667,0
670,0
669,0
676,0
680,0
685,0
683,0
682,0
683,0
681,0
685,0
684,0
686,0
688,0
691,0
692,0
691,0
693,0
692,0
694,0
695,0
694,0
696,0
701,0
703,0
705,0
700,0
702,0
705,0
706,0
705,0
709,0
718,0
721,0
722,0
726,0
726,0
725,0
725,0
724,0
725,0
729,0
730,0
729,0
732,0
733,0
733,0
730,0
731,0
721,0
720,0
715,0
712,0
707,0
703,0
699,0
699,0
691,0
688,0
685,0
680,0
677,0
673,0
667,0
660,0
655,0
647,0
642,0
636,0
628,0
625,0
619,0
610,0
609,0
604,0
598,0
591,0
589,0
587,0
577,0
575,0
570,0
567,0
565,0
561,0
556,0
553,0
550,0
542,0
535,0
532,0
531,0
530,0
528,0
522,0
517,0
511,0
511,0
506,0
501,0
500,0
495,0
493,0
493,0
493,0
492,0
490,0
488,0
486,0
485,0
485,0
485,0
485,0
483,0
483,0
483,0
482,0
482,0
482,0
479,0
477,0
477,0
477,0
476,0
475,0
475,0
474,0
474,0
474,0
474,0
474,0
474,0
473,0
473,0
473,0
472,0
472,0
472,0
472,0
472,0
472,0
472,0
472,0
472,0
472,0
472,0
472,0
472,0
472,0
472,0
472,0
472,0
472,0
472,0
472,0
472,0
472,0
472,0
472,0
472,0
472,0
472,0
472,0
472,0
472,0
472,0
472,0
472,0
472,0
472,0
472,0
472,0
472,0
472,0
472,0
472,0
472,0
472,0
472,0
472,0
472,0
472,0
472,0
472,0
472,0
472,0
472,0
472,0
472,0
472,0
472,0
472,0
472,0
472,0
472,0
472,0
472,0
472,0
472,0
472,0
472,0
472,0
472,0
472,0
472,0
472,0
472,0
472,0
472,0
472,0
472,0
472,0
472,0
472,0
472,0
472,0
472,0
472,0
472,0
472,0
472,0
472,0
472,0
472,0
472,0
472,0
472,0
472,0
472,0
472,0
472,0
472,0
472,0
472,0
472,0
472,0
472,0
472,0
472,0
472,0
472,0
472,0
472,0
472,0
472,0
472,0
472,0
472,0
472,0
472,0
472,0
472,0
472,0
472,0
472,0
472,0
472,0
472,0
472,0
472,0
472,0
472,0
472,0
472,0
472,0
472,0
472,0
472,0
472,0
472,0
472,0
472,0
472,0
472,0
472,0
472,0
472,0
472,0
472,0
472,0
472,0
472,0
472,0
472,0
472,0
472,0
472,0
472,0
472,0
472,0
472,0
472,0
472,0
472,0
472,0
472,0
472,0
472,0
472,0
472,0
472,0
472,0
472,0
472,0
472,0
472,0
472,0
472,0
472,0
472,0
472,0
472,0
472,0
472,0
472,0
472,0
472,0
472,0
472,0
472,0
472,0
472,0
472,0
472,0
472,0
472,0
472,0
472,0
472,0
472,0
472,0
472,0
472,0
472,0
472,0
472,0
472,0
472,0
472,0
472,0
472,0
472,0
472,0
472,0
472,0
472,0
472,0
472,0
472,0
472,0
520,0
547,0
568,0
573,0
584,0
591,0
606,0
619,0
633,0
635,0
635,0
640,0
643,0
648,0
657,0
660,0
660,0
664,0
667,0
677,0
678,0
678,0
679,0
680,0
675,0
676,0
674,0
677,0
678,0
681,0
681,0
685,0
689,0
691,0
694,0
696,0
700,0
698,0
698,0
697,0
700,0
700,0
699,0
701,0
697,0
704,0
707,0
706,0
710,0
711,0
716,0
717,0
718,0
718,0
725,0
730,0
728,0
730,0
733,0
734,0
736,0
738,0
739,0
738,0
737,0
736,0
733,0
728,0
724,0
719,0
718,0
713,0
710,0
707,0
701,0
700,0
691,0
686,0
680,0
674,0
668,0
664,0
660,0
657,0
653,0
649,0
643,0
637,0
632,0
624,0
621,0
615,0
610,0
606,0
601,0
597,0
591,0
583,0
579,0
574,0
569,0
565,0
562,0
561,0
557,0
551,0
547,0
544,0
544,0
540,0
540,0
538,0
533,0
528,0
527,0
525,0
525,0
523,0
521,0
518,0
517,0
514,0
512,0
511,0
509,0
507,0
504,0
504,0
504,0
504,0
504,0
504,0
504,0
503,0
503,0
502,0
501,0
500,0
500,0
499,0
499,0
498,0
497,0
497,0
497,0
497,0
496,0
496,0
496,0
496,0
496,0
496,0
496,0
496,0
496,0
496,0
496,0
496,0
496,0
496,0
496,0
496,0
496,0
496,0
496,0
496,0
496,0
496,0
496,0
496,0
496,0
496,0
496,0
496,0
496,0
496,0
496,0
496,0
496,0
496,0
496,0
496,0
496,0
496,0
496,0
496,0
496,0
496,0
496,0
496,0
496,0
496,0
496,0
496,0
496,0
496,0
496,0
496,0
496,0
496,0
496,0
496,0
496,0
496,0
496,0
496,0
496,0
496,0
496,0
496,0
496,0
496,0
496,0
496,0
496,0
496,0
496,0
496,0
496,0
496,0
496,0
496,0
496,0
496,0
496,0
496,0
496,0
496,0
496,0
496,0
496,0
496,0
496,0
496,0
496,0
496,0
496,0
496,0
496,0
496,0
496,0
496,0
496,0
496,0
496,0
496,0
496,0
496,0
496,0
496,0
496,0
496,0
496,0
496,0
496,0
496,0
496,0
496,0
496,0
496,0
496,0
496,0
496,0
496,0
496,0
496,0
496,0
496,0
496,0
496,0
496,0
496,0
496,0
496,0
496,0
496,0
496,0
496,0
496,0
496,0
496,0
496,0
496,0
496,0
496,0
496,0
496,0
496,0
496,0
496,0
496,0
496,0
496,0
496,0
496,0
496,0
496,0
496,0
496,0
496,0
496,0
496,0
496,0
496,0
496,0
496,0
496,0
496,0
496,0
496,0
496,0
496,0
496,0
496,0
496,0
496,0
496,0
496,0
496,0
496,0
496,0
496,0
496,0
496,0
496,0
496,0
496,0
496,0
496,0
496,0
496,0
496,0
496,0
496,0
496,0
496,0
496,0
496,0
496,0
496,0
496,0
496,0
496,0
496,0
496,0
496,0
496,0
496,0
496,0
496,0
496,0
496,0
496,0
496,0
496,0
496,0
496,0
496,0
496,0
496,0
496,0
496,0
496,0
496,0
496,0
552,0
579,0
600,0
616,0
625,0
634,0
641,0
645,0
648,0
653,0
658,0
659,0
661,0
666,0
668,0
671,0
671,0
678,0
682,0
683,0
683,0
686,0
687,0
694,0
697,0
700,0
699,0
700,0
698,0
698,0
699,0
699,0
699,0
699,0
699,0
697,0
701,0
703,0
706,0
709,0
713,0
709,0
709,0
707,0
705,0
707,0
706,0
706,0
707,0
708,0
711,0
715,0
719,0
719,0
727,0
729,0
733,0
732,0
734,0
732,0
732,0
730,0
729,0
729,0
724,0
722,0
721,0
715,0
708,0
706,0
702,0
698,0
694,0
690,0
688,0
684,0
679,0
675,0
672,0
666,0
664,0
661,0
660,0
654,0
647,0
643,0
635,0
629,0
622,0
617,0
610,0
607,0
603,0
598,0
589,0
585,0
576,0
574,0
569,0
563,0
561,0
559,0
555,0
549,0
544,0
541,0
537,0
534,0
530,0
527,0
525,0
523,0
520,0
518,0
516,0
515,0
512,0
509,0
506,0
505,0
505,0
503,0
501,0
500,0
499,0
499,0
497,0
495,0
494,0
493,0
490,0
490,0
489,0
489,0
488,0
485,0
484,0
484,0
484,0
484,0
484,0
484,0
484,0
484,0
483,0
483,0
483,0
483,0
482,0
482,0
482,0
482,0
482,0
482,0
482,0
482,0
482,0
482,0
482,0
482,0
482,0
482,0
482,0
482,0
482,0
482,0
482,0
482,0
482,0
482,0
482,0
482,0
482,0
482,0
482,0
482,0
482,0
482,0
482,0
482,0
482,0
482,0
482,0
482,0
482,0
482,0
482,0
482,0
482,0
482,0
482,0
482,0
482,0
482,0
482,0
482,0
482,0
482,0
482,0
482,0
482,0
482,0
482,0
482,0
482,0
482,0
482,0
482,0
482,0
482,0
482,0
482,0
482,0
482,0
482,0
482,0
482,0
482,0
482,0
482,0
482,0
482,0
482,0
482,0
482,0
482,0
482,0
482,0
482,0
482,0
482,0
482,0
482,0
482,0
482,0
482,0
482,0
482,0
482,0
482,0
482,0
482,0
482,0
482,0
482,0
482,0
482,0
482,0
482,0
482,0
482,0
482,0
482,0
482,0
482,0
482,0
482,0
482,0
482,0
482,0
482,0
482,0
482,0
482,0
482,0
482,0
482,0
482,0
482,0
482,0
482,0
482,0
482,0
482,0
482,0
482,0
482,0
482,0
482,0
482,0
482,0
482,0
482,0
482,0
482,0
482,0
482,0
482,0
482,0
482,0
482,0
482,0
482,0
482,0
482,0
482,0
482,0
482,0
482,0
482,0
482,0
482,0
482,0
482,0
482,0
482,0
482,0
482,0
482,0
482,0
482,0
482,0
482,0
482,0
482,0
482,0
482,0
482,0
482,0
482,0
482,0
482,0
482,0
482,0
482,0
482,0
482,0
482,0
482,0
482,0
482,0
482,0
482,0
482,0
482,0
482,0
482,0
482,0
482,0
482,0
482,0
482,0
482,0
482,0
482,0
482,0
482,0
482,0
482,0
482,0
482,0
482,0
482,0
482,0
482,0
482,0
482,0
482,0
482,0
482,0
482,0
482,0
482,0
482,0
482,0
524,0
550,0
566,0
588,0
599,0
606,0
614,0
618,0
628,0
636,0
640,0
649,0
654,0
657,0
659,0
661,0
661,0
664,0
667,0
669,0
670,0
666,0
669,0
672,0
675,0
677,0
679,0
681,0
683,0
680,0
680,0
683,0
681,0
680,0
684,0
686,0
688,0
690,0
689,0
692,0
692,0
692,0
692,0
691,0
694,0
696,0
697,0
698,0
703,0
708,0
712,0
714,0
713,0
710,0
711,0
712,0
717,0
720,0
723,0
726,0
728,0
730,0
731,0
725,0
726,0
722,0
721,0
720,0
717,0
715,0
713,0
711,0
710,0
707,0
701,0
692,0
688,0
682,0
680,0
670,0
664,0
662,0
656,0
647,0
645,0
638,0
632,0
624,0
617,0
614,0
607,0
601,0
593,0
589,0
582,0
576,0
567,0
565,0
562,0
557,0
551,0
549,0
545,0
541,0
536,0
531,0
528,0
522,0
520,0
518,0
514,0
513,0
511,0
508,0
506,0
501,0
499,0
498,0
496,0
494,0
493,0
493,0
492,0
491,0
491,0
491,0
490,0
490,0
490,0
489,0
489,0
488,0
487,0
487,0
486,0
486,0
486,0
486,0
486,0
486,0
486,0
486,0
485,0
485,0
485,0
485,0
485,0
484,0
483,0
483,0
483,0
483,0
482,0
482,0
481,0
481,0
481,0
481,0
481,0
481,0
481,0
481,0
481,0
481,0
481,0
481,0
481,0
481,0
481,0
481,0
481,0
481,0
481,0
481,0
481,0
481,0
481,0
481,0
481,0
481,0
481,0
481,0
481,0
481,0
481,0
481,0
481,0
481,0
481,0
481,0
481,0
481,0
481,0
481,0
481,0
481,0
481,0
481,0
481,0
481,0
481,0
481,0
481,0
481,0
481,0
481,0
481,0
481,0
481,0
481,0
481,0
481,0
481,0
481,0
481,0
481,0
481,0
481,0
481,0
481,0
481,0
481,0
481,0
481,0
481,0
481,0
481,0
481,0
481,0
481,0
481,0
481,0
481,0
481,0
481,0
481,0
481,0
481,0
481,0
481,0
481,0
481,0
481,0
481,0
481,0
481,0
481,0
481,0
481,0
481,0
481,0
481,0
481,0
481,0
481,0
481,0
481,0
481,0
481,0
481,0
481,0
481,0
481,0
481,0
481,0
481,0
481,0
481,0
481,0
481,0
481,0
481,0
481,0
481,0
481,0
481,0
481,0
481,0
481,0
481,0
481,0
481,0
481,0
481,0
481,0
481,0
481,0
481,0
481,0
481,0
481,0
481,0
481,0
481,0
481,0
481,0
481,0
481,0
481,0
481,0
481,0
481,0
481,0
481,0
481,0
481,0
481,0
481,0
481,0
481,0
481,0
481,0
481,0
481,0
481,0
481,0
481,0
481,0
481,0
481,0
481,0
481,0
481,0
481,0
481,0
481,0
481,0
481,0
481,0
481,0
481,0
481,0
481,0
481,0
481,0
481,0
481,0
481,0
481,0
481,0
481,0
481,0
481,0
481,0
481,0
481,0
481,0
481,0
481,0
481,0
481,0
481,0
481,0
481,0
481,0
481,0
481,0
481,0
481,0
481,0
481,0
481,0
481,0
481,0
481,0
530,0
553,0
585,0
595,0
603,0
608,0
616,0
633,0
636,0
642,0
642,0
643,0
647,0
652,0
651,0
657,0
660,0
664,0
667,0
670,0
673,0
676,0
677,0
674,0
678,0
680,0
680,0
681,0
681,0
682,0
684,0
687,0
688,0
690,0
688,0
693,0
697,0
693,0
696,0
695,0
698,0
702,0
701,0
705,0
706,0
707,0
707,0
707,0
709,0
712,0
714,0
716,0
719,0
720,0
720,0
722,0
728,0
727,0
730,0
730,0
732,0
732,0
727,0
726,0
725,0
722,0
720,0
714,0
706,0
705,0
702,0
700,0
691,0
685,0
681,0
676,0
672,0
671,0
664,0
662,0
661,0
650,0
648,0
644,0
639,0
633,0
627,0
623,0
620,0
609,0
606,0
601,0
599,0
594,0
587,0
582,0
575,0
566,0
563,0
560,0
558,0
553,0
549,0
547,0
546,0
541,0
538,0
536,0
533,0
530,0
527,0
523,0
521,0
518,0
515,0
513,0
510,0
509,0
508,0
507,0
506,0
504,0
502,0
500,0
499,0
499,0
498,0
496,0
495,0
493,0
492,0
489,0
488,0
488,0
487,0
487,0
487,0
486,0
485,0
485,0
485,0
485,0
485,0
485,0
485,0
485,0
485,0
485,0
485,0
485,0
485,0
485,0
484,0
484,0
484,0
484,0
484,0
484,0
484,0
484,0
484,0
484,0
484,0
484,0
484,0
484,0
484,0
484,0
484,0
484,0
484,0
484,0
484,0
484,0
484,0
484,0
484,0
484,0
484,0
484,0
484,0
484,0
484,0
484,0
484,0
484,0
484,0
484,0
484,0
484,0
484,0
484,0
484,0
484,0
484,0
484,0
484,0
484,0
484,0
484,0
484,0
484,0
484,0
484,0
484,0
484,0
484,0
484,0
484,0
484,0
484,0
484,0
484,0
484,0
484,0
484,0
484,0
484,0
484,0
484,0
484,0
484,0
484,0
484,0
484,0
484,0
484,0
484,0
484,0
484,0
484,0
484,0
484,0
484,0
484,0
484,0
484,0
484,0
484,0
484,0
484,0
484,0
484,0
484,0
484,0
484,0
484,0
484,0
484,0
484,0
484,0
484,0
484,0
484,0
484,0
484,0
484,0
484,0
484,0
484,0
484,0
484,0
484,0
484,0
484,0
484,0
484,0
484,0
484,0
484,0
484,0
484,0
484,0
484,0
484,0
484,0
484,0
484,0
484,0
484,0
484,0
484,0
484,0
484,0
484,0
484,0
484,0
484,0
484,0
484,0
484,0
484,0
484,0
484,0
484,0
484,0
484,0
484,0
484,0
484,0
484,0
484,0
484,0
484,0
484,0
484,0
484,0
484,0
484,0
484,0
484,0
484,0
484,0
484,0
484,0
484,0
484,0
484,0
484,0
484,0
484,0
484,0
484,0
484,0
484,0
484,0
484,0
484,0
484,0
484,0
484,0
484,0
484,0
484,0
484,0
484,0
484,0
484,0
484,0
484,0
484,0
484,0
484,0
484,0
484,0
484,0
484,0
484,0
484,0
484,0
484,0
484,0
484,0
484,0
484,0
484,0
484,0
484,0
484,0
484,0
484,0
484,0
484,0
484,0
484,0
536,0
563,0
587,0
600,0
608,0
623,0
627,0
634,0
644,0
651,0
648,0
655,0
659,0
660,0
663,0
663,0
660,0
663,0
672,0
676,0
677,0
681,0
682,0
685,0
687,0
688,0
689,0
686,0
683,0
684,0
685,0
685,0
690,0
691,0
700,0
697,0
696,0
691,0
688,0
688,0
690,0
698,0
701,0
697,0
699,0
697,0
699,0
701,0
701,0
704,0
705,0
705,0
707,0
709,0
706,0
710,0
709,0
709,0
714,0
719,0
717,0
713,0
712,0
712,0
709,0
707,0
702,0
702,0
701,0
696,0
693,0
686,0
680,0
678,0
673,0
670,0
666,0
658,0
654,0
648,0
640,0
635,0
629,0
625,0
618,0
613,0
602,0
592,0
584,0
578,0
575,0
570,0
567,0
563,0
558,0
550,0
543,0
537,0
534,0
528,0
523,0
515,0
509,0
504,0
500,0
496,0
494,0
492,0
488,0
485,0
483,0
482,0
480,0
479,0
476,0
474,0
472,0
471,0
469,0
467,0
467,0
466,0
465,0
464,0
462,0
461,0
461,0
460,0
460,0
459,0
458,0
458,0
458,0
457,0
456,0
455,0
455,0
455,0
455,0
455,0
455,0
455,0
455,0
453,0
453,0
453,0
453,0
453,0
453,0
453,0
453,0
453,0
452,0
451,0
451,0
451,0
451,0
451,0
451,0
451,0
451,0
451,0
451,0
451,0
451,0
451,0
451,0
451,0
451,0
451,0
451,0
451,0
451,0
451,0
451,0
451,0
451,0
451,0
451,0
451,0
451,0
451,0
451,0
451,0
451,0
451,0
451,0
451,0
451,0
451,0
451,0
451,0
451,0
451,0
451,0
451,0
451,0
451,0
451,0
451,0
451,0
451,0
451,0
451,0
451,0
451,0
451,0
451,0
451,0
451,0
451,0
451,0
451,0
451,0
451,0
451,0
451,0
451,0
451,0
451,0
451,0
451,0
451,0
451,0
451,0
451,0
451,0
451,0
451,0
451,0
451,0
451,0
451,0
451,0
451,0
451,0
451,0
451,0
451,0
451,0
451,0
451,0
451,0
451,0
451,0
451,0
451,0
451,0
451,0
451,0
451,0
451,0
451,0
451,0
451,0
451,0
451,0
451,0
451,0
451,0
451,0
451,0
451,0
451,0
451,0
451,0
451,0
451,0
451,0
451,0
451,0
451,0
451,0
451,0
451,0
451,0
451,0
451,0
451,0
451,0
451,0
451,0
451,0
451,0
451,0
451,0
451,0
451,0
451,0
451,0
451,0
451,0
451,0
451,0
451,0
451,0
451,0
451,0
451,0
451,0
451,0
451,0
451,0
451,0
451,0
451,0
451,0
451,0
451,0
451,0
451,0
451,0
451,0
451,0
451,0
451,0
451,0
451,0
451,0
451,0
451,0
451,0
451,0
451,0
451,0
451,0
451,0
451,0
451,0
451,0
451,0
451,0
451,0
451,0
451,0
451,0
451,0
451,0
451,0
451,0
451,0
451,0
451,0
451,0
451,0
451,0
451,0
451,0
451,0
451,0
451,0
451,0
451,0
451,0
451,0
451,0
451,0
451,0
451,0
451,0
451,0
451,0
451,0
451,0
451,0
496,0
525,0
542,0
550,0
563,0
578,0
592,0
595,0
605,0
612,0
617,0
621,0
625,0
630,0
634,0
633,0
632,0
633,0
639,0
640,0
640,0
646,0
649,0
650,0
652,0
651,0
653,0
653,0
657,0
660,0
661,0
662,0
662,0
663,0
666,0
668,0
670,0
669,0
670,0
675,0
677,0
679,0
678,0
679,0
684,0
680,0
680,0
679,0
684,0
688,0
688,0
687,0
690,0
694,0
698,0
701,0
702,0
700,0
701,0
702,0
707,0
709,0
709,0
707,0
707,0
700,0
697,0
692,0
690,0
688,0
686,0
680,0
673,0
667,0
666,0
660,0
657,0
652,0
647,0
639,0
637,0
627,0
621,0
614,0
609,0
603,0
599,0
593,0
590,0
585,0
578,0
572,0
567,0
563,0
558,0
553,0
550,0
542,0
538,0
535,0
529,0
525,0
519,0
515,0
512,0
506,0
505,0
499,0
496,0
494,0
490,0
487,0
486,0
483,0
482,0
482,0
481,0
479,0
477,0
475,0
470,0
468,0
467,0
467,0
466,0
464,0
463,0
463,0
462,0
461,0
461,0
461,0
461,0
461,0
460,0
460,0
459,0
459,0
459,0
459,0
459,0
459,0
459,0
459,0
459,0
459,0
459,0
458,0
458,0
458,0
458,0
458,0
458,0
458,0
458,0
458,0
457,0
457,0
457,0
457,0
457,0
457,0
457,0
457,0
457,0
457,0
457,0
457,0
457,0
457,0
457,0
457,0
457,0
457,0
456,0
456,0
456,0
456,0
456,0
456,0
456,0
456,0
456,0
456,0
456,0
456,0
456,0
456,0
456,0
456,0
456,0
456,0
456,0
456,0
456,0
456,0
456,0
456,0
456,0
456,0
456,0
456,0
456,0
456,0
456,0
456,0
456,0
456,0
456,0
456,0
456,0
456,0
456,0
456,0
456,0
456,0
456,0
456,0
456,0
456,0
456,0
456,0
456,0
456,0
456,0
456,0
456,0
456,0
456,0
456,0
456,0
456,0
456,0
456,0
456,0
456,0
456,0
456,0
456,0
456,0
456,0
456,0
456,0
456,0
456,0
456,0
456,0
456,0
456,0
456,0
456,0
456,0
456,0
456,0
456,0
456,0
456,0
456,0
456,0
456,0
456,0
456,0
456,0
456,0
456,0
456,0
456,0
456,0
456,0
456,0
456,0
456,0
456,0
456,0
456,0
456,0
456,0
456,0
456,0
456,0
456,0
456,0
456,0
456,0
456,0
456,0
456,0
456,0
456,0
456,0
456,0
456,0
456,0
456,0
456,0
456,0
456,0
456,0
456,0
456,0
456,0
456,0
456,0
456,0
456,0
456,0
456,0
456,0
456,0
456,0
456,0
456,0
456,0
456,0
456,0
456,0
456,0
456,0
456,0
456,0
456,0
456,0
456,0
456,0
456,0
456,0
456,0
456,0
456,0
456,0
456,0
456,0
456,0
456,0
456,0
456,0
456,0
456,0
456,0
456,0
456,0
456,0
456,0
456,0
456,0
456,0
456,0
456,0
456,0
456,0
456,0
456,0
456,0
456,0
456,0
456,0
456,0
456,0
456,0
456,0
456,0
456,0
456,0
456,0
456,0
499,0
528,0
550,0
556,0
574,0
590,0
603,0
608,0
612,0
614,0
617,0
622,0
626,0
630,0
635,0
636,0
640,0
638,0
637,0
645,0
644,0
651,0
651,0
652,0
653,0
654,0
658,0
658,0
662,0
665,0
667,0
666,0
667,0
664,0
663,0
666,0
669,0
671,0
670,0
669,0
669,0
672,0
671,0
671,0
673,0
674,0
675,0
679,0
678,0
682,0
682,0
683,0
683,0
687,0
690,0
692,0
691,0
689,0
689,0
690,0
691,0
692,0
693,0
693,0
695,0
696,0
694,0
692,0
689,0
687,0
683,0
679,0
677,0
675,0
671,0
660,0
655,0
655,0
651,0
648,0
645,0
639,0
635,0
626,0
620,0
615,0
611,0
606,0
598,0
587,0
583,0
572,0
567,0
555,0
551,0
547,0
543,0
532,0
529,0
524,0
517,0
512,0
507,0
503,0
498,0
494,0
493,0
489,0
487,0
485,0
485,0
483,0
482,0
480,0
479,0
474,0
472,0
470,0
469,0
467,0
466,0
465,0
462,0
461,0
460,0
459,0
458,0
457,0
455,0
451,0
449,0
448,0
448,0
448,0
447,0
447,0
447,0
445,0
445,0
445,0
444,0
444,0
443,0
443,0
443,0
443,0
443,0
443,0
443,0
443,0
443,0
443,0
443,0
443,0
443,0
443,0
443,0
443,0
443,0
443,0
443,0
443,0
442,0
442,0
442,0
442,0
442,0
442,0
442,0
442,0
442,0
442,0
442,0
442,0
442,0
442,0
442,0
442,0
442,0
442,0
442,0
442,0
442,0
442,0
442,0
442,0
442,0
442,0
442,0
442,0
442,0
442,0
442,0
442,0
442,0
442,0
442,0
442,0
442,0
442,0
442,0
442,0
442,0
442,0
442,0
442,0
442,0
442,0
442,0
442,0
442,0
442,0
442,0
442,0
442,0
442,0
442,0
442,0
442,0
442,0
442,0
442,0
442,0
442,0
442,0
442,0
442,0
442,0
442,0
442,0
442,0
442,0
442,0
442,0
442,0
442,0
442,0
442,0
442,0
442,0
442,0
442,0
442,0
442,0
442,0
442,0
442,0
442,0
442,0
442,0
442,0
442,0
442,0
442,0
442,0
442,0
442,0
442,0
442,0
442,0
442,0
442,0
442,0
442,0
442,0
442,0
442,0
442,0
442,0
442,0
442,0
442,0
442,0
442,0
442,0
442,0
442,0
442,0
442,0
442,0
442,0
442,0
442,0
442,0
442,0
442,0
442,0
442,0
442,0
442,0
442,0
442,0
442,0
442,0
442,0
442,0
442,0
442,0
442,0
442,0
442,0
442,0
442,0
442,0
442,0
442,0
442,0
442,0
442,0
442,0
442,0
442,0
442,0
442,0
442,0
442,0
442,0
442,0
442,0
442,0
442,0
442,0
442,0
442,0
442,0
442,0
442,0
442,0
442,0
442,0
442,0
442,0
442,0
442,0
442,0
442,0
442,0
442,0
442,0
442,0
442,0
442,0
442,0
442,0
442,0
442,0
442,0
442,0
442,0
442,0
442,0
442,0
442,0
442,0
442,0
442,0
442,0
442,0
442,0
442,0
442,0
442,0
442,0
442,0
442,0
479,0
499,0
521,0
533,0
546,0
556,0
564,0
570,0
575,0
588,0
595,0
596,0
608,0
611,0
613,0
617,0
619,0
629,0
638,0
638,0
642,0
646,0
649,0
649,0
648,0
650,0
652,0
654,0
656,0
655,0
655,0
655,0
656,0
662,0
663,0
664,0
672,0
672,0
673,0
670,0
671,0
672,0
676,0
674,0
673,0
680,0
682,0
681,0
685,0
688,0
689,0
692,0
694,0
696,0
699,0
701,0
706,0
706,0
708,0
710,0
712,0
708,0
706,0
705,0
700,0
701,0
697,0
694,0
693,0
691,0
687,0
684,0
681,0
681,0
678,0
676,0
672,0
669,0
665,0
662,0
659,0
656,0
649,0
643,0
634,0
628,0
620,0
616,0
610,0
603,0
600,0
596,0
592,0
588,0
579,0
576,0
573,0
565,0
561,0
556,0
554,0
553,0
546,0
544,0
543,0
538,0
534,0
533,0
529,0
525,0
523,0
518,0
515,0
514,0
511,0
506,0
504,0
502,0
501,0
501,0
501,0
500,0
499,0
498,0
498,0
496,0
495,0
494,0
492,0
492,0
490,0
490,0
490,0
490,0
490,0
490,0
490,0
490,0
489,0
489,0
488,0
486,0
486,0
485,0
485,0
485,0
484,0
484,0
483,0
483,0
483,0
483,0
483,0
483,0
482,0
482,0
482,0
482,0
482,0
482,0
482,0
482,0
482,0
482,0
482,0
482,0
482,0
482,0
482,0
482,0
482,0
482,0
482,0
482,0
482,0
482,0
482,0
482,0
482,0
482,0
482,0
482,0
482,0
482,0
482,0
482,0
482,0
482,0
482,0
482,0
482,0
482,0
482,0
482,0
482,0
482,0
482,0
482,0
482,0
482,0
482,0
482,0
482,0
482,0
482,0
482,0
482,0
482,0
482,0
482,0
482,0
482,0
482,0
482,0
482,0
482,0
482,0
482,0
482,0
482,0
482,0
482,0
482,0
482,0
482,0
482,0
482,0
482,0
482,0
482,0
482,0
482,0
482,0
482,0
482,0
482,0
482,0
482,0
482,0
482,0
482,0
482,0
482,0
482,0
482,0
482,0
482,0
482,0
482,0
482,0
482,0
482,0
482,0
482,0
482,0
482,0
482,0
482,0
482,0
482,0
482,0
482,0
482,0
482,0
482,0
482,0
482,0
482,0
482,0
482,0
482,0
482,0
482,0
482,0
482,0
482,0
482,0
482,0
482,0
482,0
482,0
482,0
482,0
482,0
482,0
482,0
482,0
482,0
482,0
482,0
482,0
482,0
482,0
482,0
482,0
482,0
482,0
482,0
482,0
482,0
482,0
482,0
482,0
482,0
482,0
482,0
482,0
482,0
482,0
482,0
482,0
482,0
482,0
482,0
482,0
482,0
482,0
482,0
482,0
482,0
482,0
482,0
482,0
482,0
482,0
482,0
482,0
482,0
482,0
482,0
482,0
482,0
482,0
482,0
482,0
482,0
482,0
482,0
482,0
482,0
482,0
482,0
482,0
482,0
482,0
482,0
482,0
482,0
482,0
482,0
482,0
482,0
482,0
482,0
482,0
482,0
482,0
482,0
482,0
482,0
482,0
482,0
482,0
482,0
482,0
516,0
542,0
562,0
584,0
595,0
602,0
616,0
625,0
630,0
637,0
642,0
647,0
654,0
662,0
665,0
663,0
665,0
666,0
670,0
671,0
676,0
680,0
682,0
680,0
687,0
690,0
689,0
687,0
687,0
688,0
689,0
688,0
688,0
690,0
691,0
692,0
689,0
686,0
687,0
686,0
684,0
686,0
689,0
691,0
691,0
699,0
700,0
704,0
704,0
709,0
708,0
707,0
708,0
712,0
713,0
716,0
720,0
719,0
719,0
722,0
719,0
714,0
714,0
712,0
709,0
708,0
704,0
701,0
699,0
695,0
688,0
683,0
677,0
672,0
666,0
663,0
657,0
651,0
646,0
641,0
636,0
628,0
622,0
615,0
607,0
598,0
596,0
592,0
588,0
584,0
581,0
575,0
570,0
566,0
556,0
551,0
544,0
541,0
537,0
530,0
527,0
522,0
518,0
511,0
508,0
503,0
501,0
500,0
497,0
492,0
490,0
489,0
486,0
484,0
484,0
484,0
483,0
481,0
479,0
479,0
478,0
477,0
475,0
472,0
472,0
472,0
471,0
471,0
471,0
470,0
470,0
470,0
469,0
469,0
467,0
467,0
466,0
466,0
466,0
466,0
465,0
465,0
465,0
465,0
464,0
463,0
463,0
463,0
463,0
463,0
463,0
463,0
463,0
463,0
463,0
462,0
462,0
462,0
462,0
462,0
462,0
462,0
462,0
462,0
462,0
462,0
462,0
462,0
462,0
462,0
462,0
462,0
462,0
462,0
462,0
462,0
462,0
462,0
462,0
462,0
462,0
462,0
462,0
462,0
462,0
462,0
462,0
462,0
462,0
462,0
462,0
462,0
462,0
462,0
462,0
462,0
462,0
462,0
462,0
462,0
462,0
462,0
462,0
462,0
462,0
462,0
462,0
462,0
462,0
462,0
462,0
462,0
462,0
462,0
462,0
462,0
462,0
462,0
462,0
462,0
462,0
462,0
462,0
462,0
462,0
462,0
462,0
462,0
462,0
462,0
462,0
462,0
462,0
462,0
462,0
462,0
462,0
462,0
462,0
462,0
462,0
462,0
462,0
462,0
462,0
462,0
462,0
462,0
462,0
462,0
462,0
462,0
462,0
462,0
462,0
462,0
462,0
462,0
462,0
462,0
462,0
462,0
462,0
462,0
462,0
462,0
462,0
462,0
462,0
462,0
462,0
462,0
462,0
462,0
462,0
462,0
462,0
462,0
462,0
462,0
462,0
462,0
462,0
462,0
462,0
462,0
462,0
462,0
462,0
462,0
462,0
462,0
462,0
462,0
462,0
462,0
462,0
462,0
462,0
462,0
462,0
462,0
462,0
462,0
462,0
462,0
462,0
462,0
462,0
462,0
462,0
462,0
462,0
462,0
462,0
462,0
462,0
462,0
462,0
462,0
462,0
462,0
462,0
462,0
462,0
462,0
462,0
462,0
462,0
462,0
462,0
462,0
462,0
462,0
462,0
462,0
462,0
462,0
462,0
462,0
462,0
462,0
462,0
462,0
462,0
462,0
462,0
462,0
462,0
462,0
462,0
462,0
462,0
462,0
462,0
462,0
462,0
462,0
462,0
462,0
462,0
462,0
462,0
462,0
462,0
509,0
536,0
556,0
570,0
569,0
582,0
589,0
595,0
599,0
601,0
607,0
615,0
615,0
620,0
624,0
630,0
630,0
634,0
632,0
639,0
641,0
641,0
643,0
647,0
646,0
650,0
650,0
655,0
657,0
654,0
656,0
655,0
655,0
659,0
657,0
656,0
657,0
660,0
662,0
664,0
666,0
663,0
661,0
662,0
663,0
663,0
666,0
668,0
666,0
664,0
666,0
668,0
672,0
671,0
674,0
677,0
678,0
679,0
679,0
680,0
683,0
684,0
682,0
679,0
675,0
673,0
673,0
671,0
671,0
669,0
665,0
662,0
659,0
653,0
651,0
645,0
641,0
637,0
633,0
629,0
624,0
614,0
609,0
601,0
595,0
592,0
587,0
584,0
574,0
562,0
559,0
554,0
546,0
543,0
541,0
533,0
531,0
528,0
523,0
517,0
512,0
507,0
501,0
498,0
492,0
488,0
488,0
487,0
484,0
481,0
480,0
473,0
470,0
466,0
464,0
462,0
459,0
457,0
454,0
451,0
451,0
449,0
449,0
448,0
447,0
446,0
445,0
444,0
443,0
442,0
441,0
441,0
441,0
440,0
440,0
440,0
439,0
439,0
438,0
437,0
437,0
437,0
437,0
437,0
437,0
437,0
437,0
437,0
437,0
437,0
437,0
436,0
436,0
436,0
436,0
436,0
436,0
436,0
436,0
436,0
436,0
436,0
436,0
436,0
435,0
435,0
435,0
435,0
435,0
435,0
435,0
435,0
435,0
435,0
435,0
435,0
435,0
435,0
435,0
435,0
435,0
435,0
435,0
435,0
435,0
435,0
435,0
435,0
435,0
435,0
435,0
435,0
435,0
435,0
435,0
435,0
435,0
435,0
435,0
435,0
435,0
435,0
435,0
435,0
435,0
435,0
435,0
435,0
435,0
435,0
435,0
435,0
435,0
435,0
435,0
435,0
435,0
435,0
435,0
435,0
435,0
435,0
435,0
435,0
435,0
435,0
435,0
435,0
435,0
435,0
435,0
435,0
435,0
435,0
435,0
435,0
435,0
435,0
435,0
435,0
435,0
435,0
435,0
435,0
435,0
435,0
435,0
435,0
435,0
435,0
435,0
435,0
435,0
435,0
435,0
435,0
435,0
435,0
435,0
435,0
435,0
435,0
435,0
435,0
435,0
435,0
435,0
435,0
435,0
435,0
435,0
435,0
435,0
435,0
435,0
435,0
435,0
435,0
435,0
435,0
435,0
435,0
435,0
435,0
435,0
435,0
435,0
435,0
435,0
435,0
435,0
435,0
435,0
435,0
435,0
435,0
435,0
435,0
435,0
435,0
435,0
435,0
435,0
435,0
435,0
435,0
435,0
435,0
435,0
435,0
435,0
435,0
435,0
435,0
435,0
435,0
435,0
435,0
435,0
435,0
435,0
435,0
435,0
435,0
435,0
435,0
435,0
435,0
435,0
435,0
435,0
435,0
435,0
435,0
435,0
435,0
435,0
435,0
435,0
435,0
435,0
435,0
435,0
435,0
435,0
435,0
435,0
435,0
435,0
435,0
435,0
435,0
435,0
435,0
435,0
435,0
435,0
435,0
435,0
435,0
435,0
435,0
435,0
435,0
435,0
470,0
490,0
503,0
516,0
533,0
546,0
560,0
569,0
578,0
582,0
586,0
595,0
600,0
606,0
618,0
616,0
616,0
616,0
622,0
629,0
633,0
639,0
640,0
641,0
643,0
645,0
646,0
649,0
648,0
653,0
651,0
654,0
654,0
653,0
654,0
655,0
659,0
661,0
660,0
662,0
665,0
668,0
670,0
670,0
670,0
674,0
675,0
677,0
680,0
679,0
683,0
681,0
683,0
685,0
688,0
690,0
694,0
696,0
699,0
700,0
700,0
703,0
699,0
695,0
696,0
694,0
692,0
690,0
684,0
678,0
673,0
666,0
665,0
655,0
653,0
648,0
646,0
644,0
642,0
640,0
632,0
627,0
623,0
618,0
611,0
604,0
599,0
592,0
589,0
582,0
575,0
569,0
564,0
560,0
557,0
553,0
549,0
546,0
542,0
537,0
535,0
532,0
528,0
525,0
523,0
517,0
513,0
510,0
509,0
507,0
505,0
503,0
498,0
494,0
491,0
491,0
489,0
485,0
484,0
482,0
479,0
476,0
475,0
474,0
474,0
472,0
471,0
471,0
470,0
470,0
470,0
470,0
469,0
469,0
467,0
467,0
467,0
467,0
466,0
465,0
464,0
464,0
463,0
463,0
463,0
463,0
463,0
463,0
463,0
463,0
463,0
463,0
462,0
462,0
461,0
461,0
461,0
461,0
461,0
461,0
461,0
461,0
461,0
461,0
461,0
461,0
461,0
461,0
461,0
461,0
461,0
461,0
461,0
461,0
461,0
461,0
461,0
461,0
461,0
461,0
461,0
461,0
461,0
461,0
461,0
461,0
461,0
461,0
461,0
461,0
461,0
461,0
461,0
461,0
461,0
461,0
461,0
461,0
461,0
461,0
461,0
461,0
461,0
461,0
461,0
461,0
461,0
461,0
461,0
461,0
461,0
461,0
461,0
461,0
461,0
461,0
461,0
461,0
461,0
461,0
461,0
461,0
461,0
461,0
461,0
461,0
461,0
461,0
461,0
461,0
461,0
461,0
461,0
461,0
461,0
461,0
461,0
461,0
461,0
461,0
461,0
461,0
461,0
461,0
461,0
461,0
461,0
461,0
461,0
461,0
461,0
461,0
461,0
461,0
461,0
461,0
461,0
461,0
461,0
461,0
461,0
461,0
461,0
461,0
461,0
461,0
461,0
461,0
461,0
461,0
461,0
461,0
461,0
461,0
461,0
461,0
461,0
461,0
461,0
461,0
461,0
461,0
461,0
461,0
461,0
461,0
461,0
461,0
461,0
461,0
461,0
461,0
461,0
461,0
461,0
461,0
461,0
461,0
461,0
461,0
461,0
461,0
461,0
461,0
461,0
461,0
461,0
461,0
461,0
461,0
461,0
461,0
461,0
461,0
461,0
461,0
461,0
461,0
461,0
461,0
461,0
461,0
461,0
461,0
461,0
461,0
461,0
461,0
461,0
461,0
461,0
461,0
461,0
461,0
461,0
461,0
461,0
461,0
461,0
461,0
461,0
461,0
461,0
461,0
461,0
461,0
461,0
461,0
461,0
461,0
461,0
461,0
461,0
461,0
461,0
461,0
461,0
461,0
461,0
461,0
461,0
461,0
461,0
461,0
461,0
512,0
530,0
544,0
559,0
559,0
578,0
590,0
595,0
608,0
612,0
616,0
621,0
623,0
626,0
629,0
636,0
635,0
636,0
638,0
643,0
646,0
646,0
644,0
647,0
646,0
648,0
651,0
654,0
653,0
657,0
654,0
653,0
651,0
653,0
657,0
655,0
657,0
657,0
660,0
664,0
665,0
669,0
665,0
666,0
665,0
671,0
670,0
674,0
676,0
678,0
680,0
681,0
683,0
687,0
691,0
693,0
696,0
695,0
697,0
694,0
693,0
693,0
694,0
692,0
692,0
689,0
685,0
682,0
678,0
676,0
672,0
670,0
668,0
666,0
661,0
658,0
651,0
643,0
638,0
631,0
628,0
620,0
613,0
608,0
604,0
596,0
589,0
583,0
576,0
570,0
564,0
561,0
557,0
552,0
546,0
540,0
535,0
528,0
524,0
520,0
515,0
511,0
508,0
505,0
501,0
497,0
496,0
491,0
490,0
486,0
485,0
483,0
481,0
480,0
476,0
473,0
468,0
467,0
466,0
466,0
466,0
464,0
462,0
461,0
460,0
459,0
459,0
459,0
459,0
459,0
458,0
456,0
455,0
455,0
454,0
453,0
453,0
453,0
453,0
453,0
453,0
452,0
452,0
452,0
451,0
451,0
451,0
451,0
451,0
451,0
451,0
451,0
451,0
451,0
451,0
451,0
451,0
451,0
451,0
451,0
451,0
451,0
451,0
451,0
451,0
451,0
451,0
451,0
451,0
451,0
451,0
451,0
451,0
451,0
451,0
451,0
451,0
451,0
451,0
451,0
451,0
451,0
451,0
451,0
451,0
451,0
451,0
451,0
451,0
451,0
451,0
451,0
451,0
451,0
451,0
451,0
451,0
451,0
451,0
451,0
451,0
451,0
451,0
451,0
451,0
451,0
451,0
451,0
451,0
451,0
451,0
451,0
451,0
451,0
451,0
451,0
451,0
451,0
451,0
451,0
451,0
451,0
451,0
451,0
451,0
451,0
451,0
451,0
451,0
451,0
451,0
451,0
451,0
451,0
451,0
451,0
451,0
451,0
451,0
451,0
451,0
451,0
451,0
451,0
451,0
451,0
451,0
451,0
451,0
451,0
451,0
451,0
451,0
451,0
451,0
451,0
451,0
451,0
451,0
451,0
451,0
451,0
451,0
451,0
451,0
451,0
451,0
451,0
451,0
451,0
451,0
451,0
451,0
451,0
451,0
451,0
451,0
451,0
451,0
451,0
451,0
451,0
451,0
451,0
451,0
451,0
451,0
451,0
451,0
451,0
451,0
451,0
451,0
451,0
451,0
451,0
451,0
451,0
451,0
451,0
451,0
451,0
451,0
451,0
451,0
451,0
451,0
451,0
451,0
451,0
451,0
451,0
451,0
451,0
451,0
451,0
451,0
451,0
451,0
451,0
451,0
451,0
451,0
451,0
451,0
451,0
451,0
451,0
451,0
451,0
451,0
451,0
451,0
451,0
451,0
451,0
451,0
451,0
451,0
451,0
451,0
451,0
451,0
451,0
451,0
451,0
451,0
451,0
451,0
451,0
451,0
451,0
451,0
451,0
451,0
451,0
451,0
451,0
451,0
451,0
451,0
451,0
451,0
451,0
451,0
491,0
527,0
547,0
553,0
562,0
572,0
576,0
584,0
590,0
597,0
607,0
611,0
620,0
627,0
631,0
636,0
643,0
644,0
646,0
658,0
659,0
667,0
671,0
671,0
667,0
668,0
669,0
672,0
675,0
677,0
679,0
683,0
681,0
682,0
684,0
685,0
689,0
686,0
684,0
685,0
687,0
686,0
689,0
690,0
694,0
694,0
700,0
705,0
706,0
708,0
713,0
712,0
714,0
717,0
718,0
720,0
720,0
722,0
724,0
726,0
725,0
727,0
726,0
725,0
724,0
720,0
718,0
718,0
715,0
715,0
714,0
713,0
712,0
706,0
705,0
702,0
698,0
691,0
687,0
683,0
676,0
674,0
666,0
662,0
658,0
654,0
646,0
641,0
633,0
626,0
623,0
619,0
614,0
607,0
601,0
593,0
587,0
579,0
573,0
568,0
561,0
552,0
549,0
545,0
544,0
541,0
537,0
534,0
532,0
529,0
523,0
523,0
522,0
519,0
518,0
517,0
517,0
516,0
515,0
513,0
511,0
510,0
509,0
507,0
505,0
505,0
505,0
502,0
500,0
500,0
500,0
499,0
499,0
497,0
496,0
496,0
496,0
496,0
496,0
495,0
495,0
495,0
494,0
494,0
494,0
494,0
494,0
494,0
494,0
494,0
494,0
494,0
494,0
494,0
493,0
493,0
493,0
493,0
493,0
493,0
493,0
493,0
493,0
493,0
493,0
493,0
493,0
493,0
493,0
493,0
493,0
493,0
493,0
493,0
493,0
493,0
493,0
493,0
493,0
493,0
493,0
493,0
493,0
493,0
493,0
493,0
493,0
492,0
492,0
492,0
492,0
492,0
492,0
492,0
492,0
492,0
492,0
492,0
492,0
492,0
492,0
492,0
492,0
492,0
492,0
492,0
492,0
492,0
492,0
492,0
492,0
492,0
492,0
492,0
492,0
492,0
492,0
492,0
492,0
492,0
492,0
492,0
492,0
492,0
492,0
492,0
492,0
492,0
492,0
492,0
492,0
492,0
492,0
492,0
492,0
492,0
492,0
492,0
492,0
492,0
492,0
492,0
492,0
492,0
492,0
492,0
492,0
492,0
492,0
492,0
492,0
492,0
492,0
492,0
492,0
492,0
492,0
492,0
492,0
492,0
492,0
492,0
492,0
492,0
492,0
492,0
492,0
492,0
492,0
492,0
492,0
492,0
492,0
492,0
492,0
492,0
492,0
492,0
492,0
492,0
492,0
492,0
492,0
492,0
492,0
492,0
492,0
492,0
492,0
492,0
492,0
492,0
492,0
492,0
492,0
492,0
492,0
492,0
492,0
492,0
492,0
492,0
492,0
492,0
492,0
492,0
492,0
492,0
492,0
492,0
492,0
492,0
492,0
492,0
492,0
492,0
492,0
492,0
492,0
492,0
492,0
492,0
492,0
492,0
492,0
492,0
492,0
492,0
492,0
492,0
492,0
492,0
492,0
492,0
492,0
492,0
492,0
492,0
492,0
492,0
492,0
492,0
492,0
492,0
492,0
492,0
492,0
492,0
492,0
492,0
492,0
492,0
492,0
492,0
492,0
492,0
492,0
492,0
492,0
492,0
492,0
492,0
492,0
492,0
492,0
546,0
572,0
590,0
605,0
612,0
625,0
632,0
643,0
651,0
656,0
662,0
667,0
672,0
673,0
674,0
677,0
683,0
689,0
690,0
691,0
694,0
696,0
699,0
700,0
701,0
703,0
700,0
698,0
698,0
694,0
693,0
688,0
685,0
687,0
687,0
686,0
687,0
691,0
693,0
694,0
695,0
696,0
696,0
697,0
695,0
694,0
697,0
697,0
697,0
695,0
697,0
699,0
698,0
703,0
702,0
702,0
702,0
706,0
709,0
710,0
711,0
710,0
711,0
702,0
703,0
698,0
695,0
692,0
691,0
690,0
685,0
684,0
685,0
678,0
677,0
671,0
666,0
658,0
651,0
647,0
642,0
634,0
628,0
621,0
614,0
605,0
598,0
593,0
585,0
578,0
572,0
564,0
560,0
555,0
549,0
545,0
541,0
536,0
530,0
526,0
521,0
515,0
506,0
505,0
502,0
496,0
493,0
489,0
488,0
487,0
482,0
480,0
478,0
472,0
468,0
466,0
461,0
458,0
458,0
458,0
457,0
456,0
455,0
452,0
451,0
450,0
449,0
448,0
448,0
447,0
447,0
446,0
444,0
444,0
444,0
443,0
442,0
441,0
441,0
440,0
439,0
439,0
439,0
438,0
438,0
438,0
438,0
438,0
438,0
438,0
438,0
437,0
437,0
437,0
437,0
437,0
437,0
437,0
436,0
436,0
436,0
436,0
436,0
436,0
436,0
436,0
436,0
436,0
436,0
436,0
436,0
436,0
436,0
436,0
436,0
436,0
436,0
436,0
436,0
436,0
436,0
436,0
436,0
436,0
436,0
436,0
436,0
436,0
436,0
436,0
436,0
436,0
436,0
436,0
436,0
436,0
436,0
436,0
436,0
436,0
436,0
436,0
436,0
436,0
436,0
436,0
436,0
436,0
436,0
436,0
436,0
436,0
436,0
436,0
436,0
436,0
436,0
436,0
436,0
436,0
436,0
436,0
436,0
436,0
436,0
436,0
436,0
436,0
436,0
436,0
436,0
436,0
436,0
436,0
436,0
436,0
436,0
436,0
436,0
436,0
436,0
436,0
436,0
436,0
436,0
436,0
436,0
436,0
436,0
436,0
436,0
436,0
436,0
436,0
436,0
436,0
436,0
436,0
436,0
436,0
436,0
436,0
436,0
436,0
436,0
436,0
436,0
436,0
436,0
436,0
436,0
436,0
436,0
436,0
436,0
436,0
436,0
436,0
436,0
436,0
436,0
436,0
436,0
436,0
436,0
436,0
436,0
436,0
436,0
436,0
436,0
436,0
436,0
436,0
436,0
436,0
436,0
436,0
436,0
436,0
436,0
436,0
436,0
436,0
436,0
436,0
436,0
436,0
436,0
436,0
436,0
436,0
436,0
436,0
436,0
436,0
436,0
436,0
436,0
436,0
436,0
436,0
436,0
436,0
436,0
436,0
436,0
436,0
436,0
436,0
436,0
436,0
436,0
436,0
436,0
436,0
436,0
436,0
436,0
436,0
436,0
436,0
436,0
436,0
436,0
436,0
436,0
436,0
436,0
436,0
436,0
436,0
436,0
436,0
436,0
436,0
436,0
436,0
436,0
436,0
436,0
436,0
436,0
436,0
436,0
477,0
502,0
523,0
540,0
547,0
550,0
563,0
572,0
581,0
589,0
597,0
608,0
608,0
615,0
622,0
622,0
628,0
632,0
637,0
642,0
646,0
647,0
650,0
652,0
653,0
653,0
656,0
660,0
662,0
665,0
668,0
671,0
674,0
674,0
681,0
685,0
683,0
684,0
682,0
681,0
684,0
687,0
687,0
685,0
689,0
690,0
693,0
697,0
696,0
701,0
703,0
707,0
706,0
712,0
709,0
712,0
717,0
717,0
716,0
717,0
716,0
714,0
713,0
710,0
710,0
712,0
708,0
706,0
704,0
701,0
696,0
695,0
692,0
688,0
686,0
682,0
674,0
670,0
665,0
660,0
654,0
649,0
645,0
640,0
639,0
635,0
627,0
619,0
613,0
605,0
601,0
597,0
591,0
587,0
582,0
577,0
573,0
562,0
557,0
549,0
541,0
536,0
532,0
525,0
522,0
519,0
516,0
513,0
510,0
503,0
501,0
497,0
494,0
492,0
490,0
489,0
487,0
485,0
483,0
481,0
479,0
479,0
478,0
477,0
475,0
474,0
474,0
473,0
473,0
472,0
472,0
472,0
470,0
469,0
468,0
468,0
467,0
467,0
467,0
467,0
466,0
466,0
465,0
465,0
465,0
465,0
464,0
464,0
464,0
464,0
464,0
464,0
464,0
464,0
464,0
464,0
464,0
464,0
464,0
464,0
464,0
464,0
464,0
464,0
464,0
464,0
464,0
464,0
464,0
464,0
464,0
463,0
463,0
463,0
463,0
463,0
463,0
463,0
463,0
463,0
463,0
463,0
463,0
463,0
463,0
463,0
463,0
463,0
463,0
463,0
463,0
463,0
463,0
463,0
463,0
463,0
463,0
463,0
463,0
463,0
463,0
463,0
463,0
463,0
463,0
463,0
463,0
463,0
463,0
463,0
463,0
463,0
463,0
463,0
463,0
463,0
463,0
463,0
463,0
463,0
463,0
463,0
463,0
463,0
463,0
463,0
463,0
463,0
463,0
463,0
463,0
463,0
463,0
463,0
463,0
463,0
463,0
463,0
463,0
463,0
463,0
463,0
463,0
463,0
463,0
463,0
463,0
463,0
463,0
463,0
463,0
463,0
463,0
463,0
463,0
463,0
463,0
463,0
463,0
463,0
463,0
463,0
463,0
463,0
463,0
463,0
463,0
463,0
463,0
463,0
463,0
463,0
463,0
463,0
463,0
463,0
463,0
463,0
463,0
463,0
463,0
463,0
463,0
463,0
463,0
463,0
463,0
463,0
463,0
463,0
463,0
463,0
463,0
463,0
463,0
463,0
463,0
463,0
463,0
463,0
463,0
463,0
463,0
463,0
463,0
463,0
463,0
463,0
463,0
463,0
463,0
463,0
463,0
463,0
463,0
463,0
463,0
463,0
463,0
463,0
463,0
463,0
463,0
463,0
463,0
463,0
463,0
463,0
463,0
463,0
463,0
463,0
463,0
463,0
463,0
463,0
463,0
463,0
463,0
463,0
463,0
463,0
463,0
463,0
463,0
463,0
463,0
463,0
463,0
463,0
463,0
463,0
463,0
463,0
463,0
463,0
463,0
463,0
463,0
463,0
463,0
463,0
463,0
463,0
463,0
518,0
538,0
546,0
554,0
562,0
574,0
583,0
598,0
610,0
619,0
631,0
632,0
638,0
646,0
649,0
653,0
654,0
652,0
651,0
658,0
659,0
662,0
664,0
666,0
667,0
664,0
670,0
673,0
675,0
675,0
673,0
675,0
673,0
674,0
673,0
675,0
673,0
677,0
678,0
680,0
682,0
685,0
687,0
688,0
692,0
691,0
693,0
695,0
695,0
696,0
699,0
703,0
704,0
707,0
710,0
716,0
717,0
715,0
721,0
717,0
716,0
716,0
716,0
713,0
711,0
706,0
702,0
702,0
699,0
696,0
695,0
693,0
690,0
689,0
688,0
686,0
680,0
673,0
668,0
664,0
659,0
656,0
653,0
645,0
640,0
638,0
632,0
629,0
627,0
622,0
619,0
610,0
603,0
598,0
592,0
584,0
577,0
574,0
567,0
560,0
553,0
548,0
541,0
534,0
530,0
526,0
522,0
518,0
513,0
511,0
511,0
506,0
504,0
501,0
500,0
500,0
500,0
496,0
494,0
493,0
491,0
490,0
489,0
487,0
486,0
485,0
484,0
483,0
483,0
483,0
481,0
480,0
480,0
479,0
478,0
477,0
477,0
477,0
477,0
477,0
477,0
477,0
477,0
477,0
477,0
477,0
477,0
477,0
477,0
477,0
477,0
477,0
477,0
477,0
477,0
477,0
477,0
476,0
476,0
476,0
476,0
476,0
476,0
476,0
476,0
476,0
476,0
476,0
475,0
475,0
475,0
475,0
475,0
475,0
475,0
475,0
475,0
475,0
475,0
475,0
475,0
475,0
475,0
475,0
475,0
475,0
475,0
475,0
475,0
475,0
475,0
475,0
475,0
475,0
475,0
475,0
475,0
475,0
475,0
475,0
475,0
475,0
475,0
475,0
475,0
475,0
475,0
475,0
475,0
475,0
475,0
475,0
475,0
475,0
475,0
475,0
475,0
475,0
475,0
475,0
475,0
475,0
475,0
475,0
475,0
475,0
475,0
475,0
475,0
475,0
475,0
475,0
475,0
475,0
475,0
475,0
475,0
475,0
475,0
475,0
475,0
475,0
475,0
475,0
475,0
475,0
475,0
475,0
475,0
475,0
475,0
475,0
475,0
475,0
475,0
475,0
475,0
475,0
475,0
475,0
475,0
475,0
475,0
475,0
475,0
475,0
475,0
475,0
475,0
475,0
475,0
475,0
475,0
475,0
475,0
475,0
475,0
475,0
475,0
475,0
475,0
475,0
475,0
475,0
475,0
475,0
475,0
475,0
475,0
475,0
475,0
475,0
475,0
475,0
475,0
475,0
475,0
475,0
475,0
475,0
475,0
475,0
475,0
475,0
475,0
475,0
475,0
475,0
475,0
475,0
475,0
475,0
475,0
475,0
475,0
475,0
475,0
475,0
475,0
475,0
475,0
475,0
475,0
475,0
475,0
475,0
475,0
475,0
475,0
475,0
475,0
475,0
475,0
475,0
475,0
475,0
475,0
475,0
475,0
475,0
475,0
475,0
475,0
475,0
475,0
475,0
475,0
475,0
475,0
475,0
475,0
475,0
475,0
475,0
475,0
475,0
475,0
475,0
475,0
475,0
475,0
475,0
475,0
475,0
475,0
514,0
539,0
559,0
578,0
585,0
592,0
601,0
605,0
614,0
623,0
632,0
640,0
643,0
648,0
654,0
652,0
655,0
662,0
665,0
667,0
667,0
667,0
665,0
666,0
670,0
674,0
674,0
675,0
674,0
675,0
674,0
676,0
677,0
680,0
679,0
680,0
681,0
680,0
680,0
682,0
680,0
679,0
681,0
681,0
684,0
688,0
688,0
694,0
696,0
699,0
700,0
700,0
702,0
706,0
710,0
717,0
718,0
718,0
719,0
719,0
717,0
717,0
714,0
718,0
714,0
709,0
710,0
709,0
708,0
704,0
700,0
694,0
691,0
685,0
682,0
682,0
679,0
673,0
667,0
663,0
657,0
652,0
648,0
644,0
638,0
631,0
623,0
616,0
615,0
609,0
604,0
591,0
587,0
579,0
574,0
566,0
563,0
556,0
551,0
549,0
546,0
540,0
537,0
530,0
528,0
520,0
517,0
515,0
509,0
509,0
506,0
503,0
500,0
496,0
494,0
492,0
490,0
489,0
488,0
485,0
484,0
484,0
484,0
484,0
483,0
483,0
483,0
482,0
482,0
481,0
480,0
480,0
480,0
480,0
479,0
479,0
479,0
478,0
478,0
477,0
477,0
477,0
477,0
477,0
477,0
477,0
476,0
475,0
475,0
474,0
474,0
474,0
474,0
474,0
474,0
474,0
474,0
474,0
474,0
474,0
474,0
474,0
474,0
474,0
474,0
474,0
474,0
474,0
474,0
474,0
474,0
474,0
474,0
474,0
474,0
474,0
474,0
474,0
474,0
474,0
474,0
474,0
474,0
474,0
474,0
474,0
474,0
474,0
474,0
474,0
474,0
474,0
474,0
474,0
474,0
474,0
474,0
474,0
474,0
474,0
474,0
474,0
474,0
474,0
474,0
474,0
474,0
474,0
474,0
474,0
474,0
474,0
474,0
474,0
474,0
474,0
474,0
474,0
474,0
474,0
474,0
474,0
474,0
474,0
474,0
474,0
474,0
474,0
474,0
474,0
474,0
474,0
474,0
474,0
474,0
474,0
474,0
474,0
474,0
474,0
474,0
474,0
474,0
474,0
474,0
474,0
474,0
474,0
474,0
474,0
474,0
474,0
474,0
474,0
474,0
474,0
474,0
474,0
474,0
474,0
474,0
474,0
474,0
474,0
474,0
474,0
474,0
474,0
474,0
474,0
474,0
474,0
474,0
474,0
474,0
474,0
474,0
474,0
474,0
474,0
474,0
474,0
474,0
474,0
474,0
474,0
474,0
474,0
474,0
474,0
474,0
474,0
474,0
474,0
474,0
474,0
474,0
474,0
474,0
474,0
474,0
474,0
474,0
474,0
474,0
474,0
474,0
474,0
474,0
474,0
474,0
474,0
474,0
474,0
474,0
474,0
474,0
474,0
474,0
474,0
474,0
474,0
474,0
474,0
474,0
474,0
474,0
474,0
474,0
474,0
474,0
474,0
474,0
474,0
474,0
474,0
474,0
474,0
474,0
474,0
474,0
474,0
474,0
474,0
474,0
474,0
474,0
474,0
474,0
474,0
474,0
474,0
474,0
474,0
474,0
474,0
474,0
474,0
474,0
474,0
474,0
474,0
474,0
474,0
474,0
518,0
549,0
578,0
593,0
601,0
613,0
622,0
626,0
630,0
641,0
649,0
649,0
663,0
666,0
662,0
668,0
674,0
672,0
673,0
673,0
676,0
673,0
673,0
672,0
672,0
677,0
675,0
675,0
678,0
679,0
680,0
684,0
681,0
682,0
681,0
683,0
682,0
682,0
681,0
679,0
680,0
679,0
679,0
682,0
686,0
686,0
686,0
687,0
689,0
690,0
691,0
690,0
690,0
692,0
693,0
694,0
695,0
696,0
700,0
705,0
705,0
708,0
710,0
708,0
702,0
700,0
696,0
691,0
685,0
681,0
676,0
671,0
667,0
662,0
659,0
653,0
649,0
647,0
643,0
638,0
633,0
628,0
621,0
611,0
604,0
598,0
591,0
583,0
579,0
571,0
567,0
563,0
557,0
553,0
547,0
546,0
538,0
533,0
528,0
526,0
522,0
520,0
517,0
512,0
507,0
504,0
499,0
497,0
494,0
490,0
490,0
485,0
482,0
479,0
478,0
476,0
475,0
473,0
472,0
470,0
469,0
467,0
467,0
466,0
465,0
465,0
463,0
462,0
462,0
461,0
459,0
458,0
457,0
456,0
455,0
455,0
453,0
453,0
452,0
451,0
451,0
451,0
451,0
451,0
451,0
451,0
451,0
451,0
451,0
451,0
451,0
450,0
450,0
450,0
450,0
450,0
450,0
450,0
450,0
450,0
450,0
450,0
450,0
450,0
450,0
450,0
450,0
450,0
450,0
450,0
450,0
450,0
450,0
450,0
450,0
450,0
450,0
450,0
450,0
450,0
450,0
450,0
450,0
450,0
450,0
450,0
450,0
450,0
450,0
450,0
450,0
450,0
450,0
450,0
450,0
450,0
450,0
450,0
450,0
450,0
450,0
450,0
450,0
450,0
450,0
450,0
450,0
450,0
450,0
450,0
450,0
450,0
450,0
450,0
450,0
450,0
450,0
450,0
450,0
450,0
450,0
450,0
450,0
450,0
450,0
450,0
450,0
450,0
450,0
450,0
450,0
450,0
450,0
450,0
450,0
450,0
450,0
450,0
450,0
450,0
450,0
450,0
450,0
450,0
450,0
450,0
450,0
450,0
450,0
450,0
450,0
450,0
450,0
450,0
450,0
450,0
450,0
450,0
450,0
450,0
450,0
450,0
450,0
450,0
450,0
450,0
450,0
450,0
450,0
450,0
450,0
450,0
450,0
450,0
450,0
450,0
450,0
450,0
450,0
450,0
450,0
450,0
450,0
450,0
450,0
450,0
450,0
450,0
450,0
450,0
450,0
450,0
450,0
450,0
450,0
450,0
450,0
450,0
450,0
450,0
450,0
450,0
450,0
450,0
450,0
450,0
450,0
450,0
450,0
450,0
450,0
450,0
450,0
450,0
450,0
450,0
450,0
450,0
450,0
450,0
450,0
450,0
450,0
450,0
450,0
450,0
450,0
450,0
450,0
450,0
450,0
450,0
450,0
450,0
450,0
450,0
450,0
450,0
450,0
450,0
450,0
450,0
450,0
450,0
450,0
450,0
450,0
450,0
450,0
450,0
450,0
450,0
450,0
450,0
450,0
450,0
450,0
450,0
450,0
450,0
450,0
450,0
450,0
450,0
450,0
489,0
508,0
538,0
551,0
559,0
571,0
582,0
590,0
601,0
606,0
612,0
620,0
621,0
627,0
629,0
627,0
623,0
629,0
630,0
635,0
632,0
636,0
638,0
637,0
636,0
629,0
627,0
630,0
633,0
634,0
634,0
634,0
635,0
638,0
639,0
641,0
642,0
647,0
647,0
646,0
652,0
659,0
658,0
662,0
664,0
669,0
667,0
664,0
668,0
667,0
670,0
669,0
670,0
672,0
674,0
673,0
676,0
680,0
681,0
684,0
686,0
691,0
690,0
691,0
690,0
688,0
686,0
678,0
676,0
673,0
669,0
666,0
661,0
655,0
652,0
649,0
646,0
640,0
632,0
628,0
622,0
617,0
612,0
604,0
603,0
601,0
598,0
594,0
585,0
579,0
574,0
567,0
562,0
559,0
552,0
549,0
542,0
535,0
528,0
526,0
523,0
521,0
519,0
513,0
511,0
510,0
505,0
504,0
500,0
498,0
494,0
492,0
490,0
486,0
485,0
483,0
482,0
481,0
480,0
478,0
477,0
476,0
476,0
475,0
475,0
475,0
474,0
472,0
472,0
472,0
472,0
471,0
469,0
468,0
467,0
467,0
466,0
466,0
466,0
466,0
465,0
465,0
465,0
465,0
465,0
464,0
463,0
463,0
463,0
463,0
462,0
461,0
461,0
461,0
461,0
461,0
461,0
461,0
461,0
461,0
461,0
461,0
461,0
461,0
461,0
461,0
461,0
461,0
461,0
461,0
461,0
461,0
461,0
461,0
461,0
461,0
461,0
461,0
461,0
461,0
461,0
460,0
460,0
460,0
460,0
460,0
460,0
460,0
460,0
460,0
460,0
460,0
460,0
460,0
460,0
460,0
460,0
460,0
460,0
460,0
460,0
460,0
460,0
460,0
460,0
460,0
460,0
460,0
460,0
460,0
460,0
460,0
460,0
460,0
460,0
460,0
460,0
460,0
460,0
460,0
460,0
460,0
460,0
460,0
460,0
460,0
460,0
460,0
460,0
460,0
460,0
460,0
460,0
460,0
460,0
460,0
460,0
460,0
460,0
460,0
460,0
460,0
460,0
460,0
460,0
460,0
460,0
460,0
460,0
460,0
460,0
460,0
460,0
460,0
460,0
460,0
460,0
460,0
460,0
460,0
460,0
460,0
460,0
460,0
460,0
460,0
460,0
460,0
460,0
460,0
460,0
460,0
460,0
460,0
460,0
460,0
460,0
460,0
460,0
460,0
460,0
460,0
460,0
460,0
460,0
460,0
460,0
460,0
460,0
460,0
460,0
460,0
460,0
460,0
460,0
460,0
460,0
460,0
460,0
460,0
460,0
460,0
460,0
460,0
460,0
460,0
460,0
460,0
460,0
460,0
460,0
460,0
460,0
460,0
460,0
460,0
460,0
460,0
460,0
460,0
460,0
460,0
460,0
460,0
460,0
460,0
460,0
460,0
460,0
460,0
460,0
460,0
460,0
460,0
460,0
460,0
460,0
460,0
460,0
460,0
460,0
460,0
460,0
460,0
460,0
460,0
460,0
460,0
460,0
460,0
460,0
460,0
460,0
460,0
460,0
460,0
460,0
460,0
460,0
460,0
460,0
460,0
460,0
460,0
460,0
499,0
532,0
548,0
559,0
569,0
576,0
581,0
596,0
599,0
601,0
612,0
615,0
621,0
624,0
626,0
638,0
640,0
643,0
642,0
645,0
646,0
645,0
648,0
653,0
655,0
656,0
661,0
664,0
668,0
664,0
665,0
663,0
667,0
670,0
674,0
675,0
677,0
677,0
680,0
680,0
679,0
683,0
683,0
681,0
683,0
687,0
687,0
687,0
691,0
690,0
692,0
696,0
697,0
696,0
698,0
702,0
705,0
708,0
710,0
712,0
715,0
716,0
713,0
709,0
706,0
708,0
706,0
708,0
702,0
700,0
696,0
695,0
689,0
682,0
677,0
673,0
664,0
657,0
651,0
643,0
637,0
632,0
627,0
621,0
617,0
613,0
608,0
604,0
604,0
597,0
585,0
580,0
573,0
566,0
555,0
548,0
545,0
539,0
533,0
524,0
521,0
518,0
515,0
513,0
511,0
509,0
508,0
504,0
503,0
501,0
493,0
492,0
490,0
487,0
484,0
483,0
482,0
479,0
477,0
476,0
475,0
474,0
474,0
473,0
473,0
472,0
472,0
471,0
470,0
470,0
470,0
469,0
468,0
467,0
467,0
467,0
467,0
467,0
467,0
465,0
465,0
465,0
464,0
464,0
463,0
463,0
462,0
461,0
461,0
460,0
460,0
460,0
460,0
460,0
460,0
460,0
459,0
459,0
459,0
459,0
459,0
459,0
459,0
459,0
459,0
459,0
459,0
459,0
459,0
459,0
459,0
459,0
459,0
459,0
459,0
459,0
459,0
459,0
459,0
459,0
459,0
459,0
459,0
459,0
459,0
459,0
459,0
459,0
459,0
459,0
459,0
459,0
459,0
459,0
459,0
459,0
459,0
459,0
459,0
459,0
459,0
459,0
459,0
459,0
459,0
459,0
459,0
459,0
459,0
459,0
459,0
459,0
459,0
459,0
459,0
459,0
459,0
459,0
459,0
459,0
459,0
459,0
459,0
459,0
459,0
459,0
459,0
459,0
459,0
459,0
459,0
459,0
459,0
459,0
459,0
459,0
459,0
459,0
459,0
459,0
459,0
459,0
459,0
459,0
459,0
459,0
459,0
459,0
459,0
459,0
459,0
459,0
459,0
459,0
459,0
459,0
459,0
459,0
459,0
459,0
459,0
459,0
459,0
459,0
459,0
459,0
459,0
459,0
459,0
459,0
459,0
459,0
459,0
459,0
459,0
459,0
459,0
459,0
459,0
459,0
459,0
459,0
459,0
459,0
459,0
459,0
459,0
459,0
459,0
459,0
459,0
459,0
459,0
459,0
459,0
459,0
459,0
459,0
459,0
459,0
459,0
459,0
459,0
459,0
459,0
459,0
459,0
459,0
459,0
459,0
459,0
459,0
459,0
459,0
459,0
459,0
459,0
459,0
459,0
459,0
459,0
459,0
459,0
459,0
459,0
459,0
459,0
459,0
459,0
459,0
459,0
459,0
459,0
459,0
459,0
459,0
459,0
459,0
459,0
459,0
459,0
459,0
459,0
459,0
459,0
459,0
459,0
459,0
459,0
459,0
459,0
459,0
459,0
459,0
459,0
459,0
459,0
459,0
459,0
459,0
459,0
459,0
459,0
459,0
459,0
501,0
524,0
545,0
564,0
576,0
581,0
590,0
599,0
610,0
615,0
620,0
625,0
631,0
632,0
634,0
640,0
642,0
642,0
648,0
648,0
651,0
650,0
651,0
651,0
654,0
659,0
660,0
662,0
665,0
665,0
662,0
667,0
668,0
668,0
673,0
673,0
674,0
679,0
677,0
677,0
682,0
681,0
684,0
685,0
687,0
685,0
685,0
687,0
690,0
691,0
693,0
690,0
698,0
708,0
709,0
713,0
717,0
723,0
726,0
722,0
721,0
719,0
719,0
718,0
715,0
712,0
710,0
709,0
706,0
703,0
698,0
696,0
689,0
684,0
678,0
677,0
668,0
663,0
656,0
655,0
650,0
645,0
643,0
633,0
624,0
618,0
610,0
604,0
598,0
590,0
588,0
584,0
580,0
575,0
571,0
566,0
561,0
556,0
550,0
548,0
545,0
540,0
537,0
534,0
528,0
524,0
522,0
521,0
518,0
514,0
508,0
506,0
504,0
501,0
501,0
499,0
497,0
494,0
491,0
490,0
486,0
485,0
484,0
484,0
484,0
483,0
483,0
481,0
481,0
481,0
481,0
481,0
481,0
480,0
479,0
478,0
478,0
477,0
477,0
476,0
476,0
475,0
474,0
473,0
473,0
473,0
472,0
472,0
472,0
472,0
472,0
471,0
471,0
471,0
471,0
471,0
471,0
471,0
471,0
471,0
471,0
471,0
471,0
471,0
471,0
471,0
471,0
471,0
471,0
471,0
471,0
471,0
471,0
471,0
471,0
471,0
471,0
471,0
471,0
471,0
470,0
470,0
470,0
470,0
470,0
470,0
470,0
470,0
470,0
470,0
470,0
470,0
470,0
470,0
470,0
470,0
470,0
470,0
470,0
470,0
470,0
470,0
470,0
470,0
470,0
470,0
470,0
470,0
470,0
470,0
470,0
470,0
470,0
470,0
470,0
470,0
470,0
470,0
470,0
470,0
470,0
470,0
470,0
470,0
470,0
470,0
470,0
470,0
470,0
470,0
470,0
470,0
470,0
470,0
470,0
470,0
470,0
470,0
470,0
470,0
470,0
470,0
470,0
470,0
470,0
470,0
470,0
470,0
470,0
470,0
470,0
470,0
470,0
470,0
470,0
470,0
470,0
470,0
470,0
470,0
470,0
470,0
470,0
470,0
470,0
470,0
470,0
470,0
470,0
470,0
470,0
470,0
470,0
470,0
470,0
470,0
470,0
470,0
470,0
470,0
470,0
470,0
470,0
470,0
470,0
470,0
470,0
470,0
470,0
470,0
470,0
470,0
470,0
470,0
470,0
470,0
470,0
470,0
470,0
470,0
470,0
470,0
470,0
470,0
470,0
470,0
470,0
470,0
470,0
470,0
470,0
470,0
470,0
470,0
470,0
470,0
470,0
470,0
470,0
470,0
470,0
470,0
470,0
470,0
470,0
470,0
470,0
470,0
470,0
470,0
470,0
470,0
470,0
470,0
470,0
470,0
470,0
470,0
470,0
470,0
470,0
470,0
470,0
470,0
470,0
470,0
470,0
470,0
470,0
470,0
470,0
470,0
470,0
470,0
470,0
470,0
470,0
470,0
470,0
470,0
470,0
470,0
470,0
470,0
470,0
508,0
535,0
551,0
566,0
577,0
586,0
593,0
601,0
603,0
614,0
617,0
626,0
636,0
641,0
647,0
651,0
654,0
666,0
667,0
666,0
669,0
668,0
668,0
669,0
670,0
670,0
670,0
670,0
672,0
673,0
673,0
674,0
676,0
676,0
676,0
674,0
678,0
681,0
682,0
681,0
683,0
684,0
688,0
684,0
684,0
684,0
682,0
684,0
685,0
685,0
687,0
686,0
686,0
688,0
688,0
689,0
692,0
698,0
702,0
702,0
703,0
701,0
700,0
699,0
698,0
696,0
691,0
688,0
685,0
684,0
679,0
676,0
674,0
669,0
666,0
660,0
653,0
649,0
641,0
631,0
624,0
619,0
614,0
609,0
605,0
599,0
591,0
587,0
579,0
575,0
569,0
562,0
556,0
553,0
552,0
549,0
543,0
536,0
530,0
527,0
521,0
516,0
510,0
506,0
502,0
497,0
492,0
489,0
487,0
482,0
478,0
477,0
474,0
473,0
470,0
469,0
466,0
466,0
464,0
463,0
462,0
462,0
461,0
459,0
459,0
459,0
458,0
458,0
458,0
456,0
456,0
455,0
455,0
455,0
454,0
454,0
453,0
453,0
453,0
453,0
453,0
452,0
451,0
451,0
451,0
451,0
451,0
451,0
451,0
451,0
451,0
451,0
450,0
450,0
450,0
450,0
450,0
450,0
450,0
449,0
449,0
449,0
449,0
449,0
449,0
449,0
449,0
449,0
449,0
449,0
449,0
449,0
449,0
449,0
449,0
449,0
449,0
449,0
449,0
449,0
449,0
449,0
449,0
449,0
449,0
449,0
449,0
449,0
449,0
449,0
449,0
449,0
449,0
449,0
449,0
449,0
449,0
449,0
449,0
449,0
449,0
449,0
449,0
449,0
449,0
449,0
449,0
449,0
449,0
449,0
449,0
449,0
449,0
449,0
449,0
449,0
449,0
449,0
449,0
449,0
449,0
449,0
449,0
449,0
449,0
449,0
449,0
449,0
449,0
449,0
449,0
449,0
449,0
449,0
449,0
449,0
449,0
449,0
449,0
449,0
449,0
449,0
449,0
449,0
449,0
449,0
449,0
449,0
449,0
449,0
449,0
449,0
449,0
449,0
449,0
449,0
449,0
449,0
449,0
449,0
449,0
449,0
449,0
449,0
449,0
449,0
449,0
449,0
449,0
449,0
449,0
449,0
449,0
449,0
449,0
449,0
449,0
449,0
449,0
449,0
449,0
449,0
449,0
449,0
449,0
449,0
449,0
449,0
449,0
449,0
449,0
449,0
449,0
449,0
449,0
449,0
449,0
449,0
449,0
449,0
449,0
449,0
449,0
449,0
449,0
449,0
449,0
449,0
449,0
449,0
449,0
449,0
449,0
449,0
449,0
449,0
449,0
449,0
449,0
449,0
449,0
449,0
449,0
449,0
449,0
449,0
449,0
449,0
449,0
449,0
449,0
449,0
449,0
449,0
449,0
449,0
449,0
449,0
449,0
449,0
449,0
449,0
449,0
449,0
449,0
449,0
449,0
449,0
449,0
449,0
449,0
449,0
449,0
449,0
449,0
449,0
449,0
449,0
449,0
449,0
449,0
449,0
449,0
449,0
449,0
493,0
511,0
524,0
531,0
539,0
544,0
555,0
560,0
568,0
576,0
583,0
587,0
591,0
599,0
600,0
606,0
605,0
609,0
613,0
614,0
619,0
624,0
629,0
634,0
637,0
641,0
640,0
640,0
642,0
644,0
650,0
656,0
653,0
656,0
658,0
661,0
665,0
662,0
666,0
664,0
665,0
669,0
670,0
675,0
675,0
674,0
677,0
678,0
680,0
680,0
680,0
684,0
685,0
690,0
692,0
692,0
695,0
699,0
703,0
705,0
706,0
704,0
700,0
699,0
700,0
699,0
699,0
698,0
698,0
697,0
695,0
693,0
687,0
683,0
680,0
676,0
674,0
667,0
664,0
658,0
653,0
650,0
646,0
643,0
642,0
638,0
634,0
628,0
618,0
613,0
607,0
601,0
595,0
593,0
587,0
579,0
577,0
571,0
565,0
563,0
556,0
549,0
543,0
537,0
534,0
533,0
530,0
528,0
524,0
523,0
521,0
518,0
516,0
513,0
512,0
512,0
512,0
509,0
507,0
507,0
506,0
501,0
501,0
499,0
495,0
495,0
495,0
495,0
495,0
495,0
493,0
493,0
492,0
492,0
492,0
491,0
491,0
491,0
491,0
491,0
490,0
490,0
490,0
490,0
490,0
490,0
489,0
489,0
488,0
488,0
488,0
488,0
488,0
487,0
487,0
487,0
487,0
487,0
487,0
487,0
487,0
487,0
487,0
487,0
487,0
486,0
486,0
486,0
486,0
486,0
486,0
486,0
486,0
486,0
486,0
486,0
486,0
486,0
486,0
486,0
486,0
486,0
486,0
486,0
486,0
486,0
486,0
486,0
486,0
486,0
486,0
486,0
486,0
486,0
486,0
486,0
486,0
486,0
486,0
486,0
486,0
486,0
486,0
486,0
486,0
486,0
486,0
486,0
486,0
486,0
486,0
486,0
486,0
486,0
486,0
486,0
486,0
486,0
486,0
486,0
486,0
486,0
486,0
486,0
486,0
486,0
486,0
486,0
486,0
486,0
486,0
486,0
486,0
486,0
486,0
486,0
486,0
486,0
486,0
486,0
486,0
486,0
486,0
486,0
486,0
486,0
486,0
486,0
486,0
486,0
486,0
486,0
486,0
486,0
486,0
486,0
486,0
486,0
486,0
486,0
486,0
486,0
486,0
486,0
486,0
486,0
486,0
486,0
486,0
486,0
486,0
486,0
486,0
486,0
486,0
486,0
486,0
486,0
486,0
486,0
486,0
486,0
486,0
486,0
486,0
486,0
486,0
486,0
486,0
486,0
486,0
486,0
486,0
486,0
486,0
486,0
486,0
486,0
486,0
486,0
486,0
486,0
486,0
486,0
486,0
486,0
486,0
486,0
486,0
486,0
486,0
486,0
486,0
486,0
486,0
486,0
486,0
486,0
486,0
486,0
486,0
486,0
486,0
486,0
486,0
486,0
486,0
486,0
486,0
486,0
486,0
486,0
486,0
486,0
486,0
486,0
486,0
486,0
486,0
486,0
486,0
486,0
486,0
486,0
486,0
486,0
486,0
486,0
486,0
486,0
486,0
486,0
486,0
486,0
486,0
486,0
486,0
486,0
486,0
486,0
486,0
486,0
486,0
486,0
486,0
528,0
552,0
571,0
589,0
596,0
610,0
616,0
627,0
632,0
640,0
647,0
654,0
662,0
667,0
674,0
674,0
680,0
679,0
683,0
681,0
680,0
679,0
679,0
676,0
677,0
684,0
686,0
687,0
690,0
695,0
696,0
695,0
693,0
695,0
696,0
694,0
696,0
699,0
697,0
697,0
700,0
701,0
700,0
697,0
699,0
699,0
700,0
702,0
704,0
705,0
704,0
706,0
706,0
706,0
709,0
711,0
713,0
711,0
714,0
715,0
715,0
715,0
714,0
714,0
711,0
708,0
706,0
702,0
699,0
697,0
692,0
687,0
683,0
678,0
675,0
669,0
666,0
658,0
651,0
644,0
638,0
630,0
626,0
619,0
610,0
603,0
596,0
588,0
583,0
579,0
574,0
567,0
562,0
555,0
546,0
541,0
537,0
536,0
532,0
529,0
522,0
517,0
513,0
509,0
507,0
505,0
501,0
501,0
495,0
493,0
490,0
488,0
487,0
485,0
484,0
482,0
480,0
478,0
476,0
475,0
474,0
473,0
471,0
468,0
467,0
467,0
466,0
465,0
465,0
464,0
462,0
462,0
461,0
460,0
460,0
459,0
458,0
457,0
457,0
457,0
457,0
456,0
456,0
456,0
456,0
456,0
456,0
456,0
456,0
456,0
456,0
456,0
456,0
456,0
456,0
455,0
455,0
455,0
455,0
455,0
455,0
455,0
455,0
455,0
455,0
455,0
455,0
455,0
455,0
455,0
455,0
455,0
455,0
454,0
454,0
454,0
454,0
454,0
454,0
454,0
454,0
454,0
454,0
454,0
454,0
454,0
454,0
454,0
454,0
454,0
454,0
454,0
454,0
454,0
454,0
454,0
454,0
454,0
454,0
454,0
454,0
454,0
454,0
454,0
454,0
454,0
454,0
454,0
454,0
454,0
454,0
454,0
454,0
454,0
454,0
454,0
454,0
454,0
454,0
454,0
454,0
454,0
454,0
454,0
454,0
454,0
454,0
454,0
454,0
454,0
454,0
454,0
454,0
454,0
454,0
454,0
454,0
454,0
454,0
454,0
454,0
454,0
454,0
454,0
454,0
454,0
454,0
454,0
454,0
454,0
454,0
454,0
454,0
454,0
454,0
454,0
454,0
454,0
454,0
454,0
454,0
454,0
454,0
454,0
454,0
454,0
454,0
454,0
454,0
454,0
454,0
454,0
454,0
454,0
454,0
454,0
454,0
454,0
454,0
454,0
454,0
454,0
454,0
454,0
454,0
454,0
454,0
454,0
454,0
454,0
454,0
454,0
454,0
454,0
454,0
454,0
454,0
454,0
454,0
454,0
454,0
454,0
454,0
454,0
454,0
454,0
454,0
454,0
454,0
454,0
454,0
454,0
454,0
454,0
454,0
454,0
454,0
454,0
454,0
454,0
454,0
454,0
454,0
454,0
454,0
454,0
454,0
454,0
454,0
454,0
454,0
454,0
454,0
454,0
454,0
454,0
454,0
454,0
454,0
454,0
454,0
454,0
454,0
454,0
454,0
454,0
454,0
454,0
454,0
454,0
454,0
454,0
454,0
454,0
454,0
454,0
454,0
454,0
454,0
454,0
454,0
454,0
454,0
454,0
454,0
497,0
518,0
539,0
555,0
567,0
581,0
593,0
601,0
602,0
609,0
618,0
623,0
627,0
631,0
631,0
640,0
643,0
646,0
652,0
649,0
649,0
657,0
655,0
654,0
660,0
661,0
665,0
668,0
669,0
668,0
674,0
673,0
673,0
674,0
675,0
672,0
673,0
671,0
669,0
672,0
681,0
685,0
688,0
692,0
692,0
691,0
689,0
689,0
691,0
697,0
698,0
700,0
701,0
703,0
702,0
705,0
708,0
710,0
711,0
713,0
711,0
709,0
709,0
708,0
707,0
705,0
700,0
696,0
695,0
694,0
688,0
687,0
680,0
671,0
666,0
661,0
657,0
651,0
647,0
640,0
633,0
628,0
623,0
618,0
616,0
606,0
603,0
598,0
596,0
592,0
584,0
581,0
579,0
576,0
568,0
562,0
557,0
553,0
550,0
545,0
540,0
533,0
530,0
523,0
517,0
512,0
510,0
506,0
501,0
500,0
495,0
493,0
490,0
490,0
489,0
486,0
484,0
483,0
482,0
480,0
479,0
476,0
474,0
473,0
472,0
471,0
470,0
469,0
469,0
469,0
469,0
468,0
468,0
468,0
468,0
468,0
467,0
467,0
466,0
466,0
466,0
466,0
466,0
466,0
466,0
466,0
466,0
466,0
466,0
466,0
466,0
466,0
466,0
466,0
465,0
465,0
465,0
465,0
465,0
465,0
465,0
465,0
465,0
465,0
465,0
465,0
465,0
465,0
465,0
465,0
465,0
465,0
465,0
465,0
465,0
465,0
465,0
465,0
465,0
465,0
465,0
465,0
465,0
465,0
465,0
465,0
465,0
465,0
465,0
465,0
465,0
465,0
465,0
465,0
465,0
465,0
465,0
465,0
465,0
465,0
465,0
465,0
465,0
465,0
465,0
465,0
465,0
465,0
465,0
465,0
465,0
465,0
465,0
465,0
465,0
465,0
465,0
465,0
465,0
465,0
465,0
465,0
465,0
465,0
465,0
465,0
465,0
465,0
465,0
465,0
465,0
465,0
465,0
465,0
465,0
465,0
465,0
465,0
465,0
465,0
465,0
465,0
465,0
465,0
465,0
465,0
465,0
465,0
465,0
465,0
465,0
465,0
465,0
465,0
465,0
465,0
465,0
465,0
465,0
465,0
465,0
465,0
465,0
465,0
465,0
465,0
465,0
465,0
465,0
465,0
465,0
465,0
465,0
465,0
465,0
465,0
465,0
465,0
465,0
465,0
465,0
465,0
465,0
465,0
465,0
465,0
465,0
465,0
465,0
465,0
465,0
465,0
465,0
465,0
465,0
465,0
465,0
465,0
465,0
465,0
465,0
465,0
465,0
465,0
465,0
465,0
465,0
465,0
465,0
465,0
465,0
465,0
465,0
465,0
465,0
465,0
465,0
465,0
465,0
465,0
465,0
465,0
465,0
465,0
465,0
465,0
465,0
465,0
465,0
465,0
465,0
465,0
465,0
465,0
465,0
465,0
465,0
465,0
465,0
465,0
465,0
465,0
465,0
465,0
465,0
465,0
465,0
465,0
465,0
465,0
465,0
465,0
465,0
465,0
465,0
465,0
465,0
465,0
465,0
465,0
465,0
465,0
465,0
465,0
465,0
504,0
530,0
545,0
554,0
567,0
573,0
589,0
596,0
605,0
613,0
615,0
627,0
630,0
634,0
640,0
646,0
646,0
647,0
653,0
661,0
661,0
667,0
669,0
673,0
679,0
682,0
682,0
681,0
682,0
682,0
682,0
683,0
689,0
688,0
688,0
688,0
692,0
693,0
692,0
696,0
693,0
697,0
697,0
697,0
699,0
704,0
706,0
703,0
701,0
701,0
704,0
703,0
707,0
710,0
714,0
713,0
713,0
714,0
719,0
721,0
721,0
721,0
721,0
721,0
717,0
711,0
710,0
709,0
706,0
702,0
697,0
695,0
691,0
687,0
681,0
679,0
676,0
671,0
665,0
659,0
652,0
646,0
640,0
634,0
628,0
622,0
615,0
607,0
600,0
591,0
583,0
574,0
567,0
560,0
554,0
550,0
544,0
543,0
538,0
535,0
533,0
527,0
524,0
523,0
518,0
517,0
516,0
515,0
512,0
509,0
502,0
496,0
494,0
493,0
490,0
488,0
485,0
484,0
483,0
482,0
481,0
481,0
479,0
479,0
479,0
478,0
477,0
476,0
474,0
474,0
474,0
472,0
472,0
472,0
472,0
471,0
469,0
469,0
468,0
467,0
467,0
466,0
466,0
465,0
465,0
464,0
464,0
464,0
464,0
464,0
464,0
464,0
464,0
463,0
462,0
462,0
462,0
462,0
462,0
462,0
462,0
462,0
462,0
461,0
461,0
461,0
461,0
461,0
461,0
461,0
460,0
460,0
460,0
460,0
460,0
460,0
460,0
460,0
460,0
460,0
460,0
460,0
460,0
460,0
460,0
460,0
460,0
460,0
460,0
460,0
460,0
460,0
460,0
460,0
460,0
460,0
460,0
460,0
460,0
460,0
460,0
460,0
460,0
460,0
460,0
460,0
460,0
460,0
460,0
460,0
460,0
460,0
460,0
460,0
460,0
460,0
460,0
460,0
460,0
460,0
460,0
460,0
460,0
460,0
460,0
460,0
460,0
460,0
460,0
460,0
460,0
460,0
460,0
460,0
460,0
460,0
460,0
460,0
460,0
460,0
460,0
460,0
460,0
460,0
460,0
460,0
460,0
460,0
460,0
460,0
460,0
460,0
460,0
460,0
460,0
460,0
460,0
460,0
460,0
460,0
460,0
460,0
460,0
460,0
460,0
460,0
460,0
460,0
460,0
460,0
460,0
460,0
460,0
460,0
460,0
460,0
460,0
460,0
460,0
460,0
460,0
460,0
460,0
460,0
460,0
460,0
460,0
460,0
460,0
460,0
460,0
460,0
460,0
460,0
460,0
460,0
460,0
460,0
460,0
460,0
460,0
460,0
460,0
460,0
460,0
460,0
460,0
460,0
460,0
460,0
460,0
460,0
460,0
460,0
460,0
460,0
460,0
460,0
460,0
460,0
460,0
460,0
460,0
460,0
460,0
460,0
460,0
460,0
460,0
460,0
460,0
460,0
460,0
460,0
460,0
460,0
460,0
460,0
460,0
460,0
460,0
460,0
460,0
460,0
460,0
460,0
460,0
460,0
460,0
460,0
460,0
460,0
460,0
460,0
460,0
460,0
460,0
460,0
460,0
460,0
460,0
460,0
460,0
460,0
460,0
509,0
541,0
552,0
559,0
569,0
575,0
586,0
590,0
602,0
609,0
614,0
624,0
630,0
636,0
643,0
645,0
648,0
645,0
648,0
649,0
653,0
659,0
660,0
661,0
662,0
665,0
664,0
668,0
668,0
670,0
669,0
672,0
676,0
678,0
680,0
681,0
685,0
693,0
692,0
692,0
692,0
695,0
697,0
696,0
697,0
702,0
703,0
706,0
707,0
708,0
712,0
713,0
713,0
713,0
717,0
723,0
728,0
730,0
732,0
731,0
736,0
735,0
735,0
735,0
728,0
725,0
724,0
721,0
719,0
716,0
711,0
710,0
706,0
704,0
698,0
695,0
688,0
687,0
682,0
680,0
678,0
669,0
663,0
658,0
652,0
645,0
640,0
632,0
629,0
622,0
614,0
605,0
601,0
599,0
592,0
585,0
580,0
579,0
575,0
573,0
570,0
567,0
566,0
560,0
557,0
555,0
549,0
546,0
542,0
537,0
533,0
529,0
528,0
524,0
524,0
522,0
519,0
516,0
514,0
511,0
509,0
508,0
508,0
507,0
506,0
506,0
505,0
504,0
504,0
500,0
500,0
500,0
499,0
499,0
499,0
499,0
499,0
499,0
498,0
498,0
498,0
498,0
498,0
497,0
496,0
496,0
496,0
496,0
496,0
496,0
496,0
496,0
496,0
496,0
496,0
496,0
496,0
496,0
496,0
495,0
495,0
495,0
495,0
495,0
495,0
495,0
495,0
495,0
495,0
495,0
495,0
495,0
495,0
495,0
495,0
495,0
495,0
495,0
495,0
495,0
495,0
495,0
495,0
495,0
495,0
495,0
495,0
495,0
495,0
495,0
495,0
495,0
495,0
495,0
495,0
495,0
495,0
495,0
495,0
495,0
495,0
495,0
495,0
495,0
495,0
495,0
495,0
495,0
495,0
495,0
495,0
495,0
495,0
495,0
495,0
495,0
495,0
495,0
495,0
495,0
495,0
495,0
495,0
495,0
495,0
495,0
495,0
495,0
495,0
495,0
495,0
495,0
495,0
495,0
495,0
495,0
495,0
495,0
495,0
495,0
495,0
495,0
495,0
495,0
495,0
495,0
495,0
495,0
495,0
495,0
495,0
495,0
495,0
495,0
495,0
495,0
495,0
495,0
495,0
495,0
495,0
495,0
495,0
495,0
495,0
495,0
495,0
495,0
495,0
495,0
495,0
495,0
495,0
495,0
495,0
495,0
495,0
495,0
495,0
495,0
495,0
495,0
495,0
495,0
495,0
495,0
495,0
495,0
495,0
495,0
495,0
495,0
495,0
495,0
495,0
495,0
495,0
495,0
495,0
495,0
495,0
495,0
495,0
495,0
495,0
495,0
495,0
495,0
495,0
495,0
495,0
495,0
495,0
495,0
495,0
495,0
495,0
495,0
495,0
495,0
495,0
495,0
495,0
495,0
495,0
495,0
495,0
495,0
495,0
495,0
495,0
495,0
495,0
495,0
495,0
495,0
495,0
495,0
495,0
495,0
495,0
495,0
495,0
495,0
495,0
495,0
495,0
495,0
495,0
495,0
495,0
495,0
495,0
495,0
495,0
495,0
495,0
495,0
495,0
495,0
495,0
495,0
495,0
495,0
495,0
552,0
572,0
598,0
608,0
614,0
625,0
631,0
639,0
644,0
653,0
661,0
667,0
673,0
680,0
680,0
682,0
685,0
691,0
697,0
699,0
703,0
707,0
709,0
708,0
708,0
708,0
712,0
711,0
710,0
707,0
707,0
705,0
707,0
708,0
707,0
705,0
705,0
707,0
713,0
712,0
709,0
710,0
712,0
714,0
717,0
717,0
714,0
715,0
718,0
715,0
716,0
718,0
723,0
725,0
727,0
730,0
731,0
736,0
737,0
740,0
737,0
736,0
737,0
732,0
723,0
721,0
719,0
714,0
710,0
708,0
706,0
704,0
700,0
694,0
687,0
682,0
675,0
671,0
667,0
659,0
655,0
648,0
642,0
638,0
631,0
623,0
615,0
608,0
604,0
598,0
592,0
586,0
583,0
577,0
570,0
566,0
559,0
553,0
547,0
541,0
537,0
534,0
530,0
530,0
527,0
524,0
522,0
520,0
516,0
513,0
509,0
505,0
501,0
498,0
494,0
493,0
493,0
493,0
490,0
488,0
487,0
486,0
484,0
482,0
480,0
478,0
477,0
473,0
471,0
470,0
469,0
469,0
468,0
468,0
467,0
467,0
467,0
467,0
466,0
466,0
466,0
466,0
466,0
465,0
465,0
465,0
465,0
465,0
465,0
465,0
465,0
465,0
465,0
465,0
465,0
465,0
465,0
465,0
465,0
465,0
465,0
465,0
465,0
465,0
465,0
465,0
465,0
465,0
465,0
465,0
465,0
465,0
465,0
465,0
465,0
465,0
465,0
465,0
465,0
465,0
465,0
465,0
465,0
465,0
465,0
465,0
465,0
465,0
465,0
465,0
465,0
465,0
465,0
465,0
465,0
465,0
465,0
465,0
465,0
465,0
465,0
465,0
465,0
465,0
465,0
465,0
465,0
465,0
465,0
465,0
465,0
465,0
465,0
465,0
465,0
465,0
465,0
465,0
465,0
465,0
465,0
465,0
465,0
465,0
465,0
465,0
465,0
465,0
465,0
465,0
465,0
465,0
465,0
465,0
465,0
465,0
465,0
465,0
465,0
465,0
465,0
465,0
465,0
465,0
465,0
465,0
465,0
465,0
465,0
465,0
465,0
465,0
465,0
465,0
465,0
465,0
465,0
465,0
465,0
465,0
465,0
465,0
465,0
465,0
465,0
465,0
465,0
465,0
465,0
465,0
465,0
465,0
465,0
465,0
465,0
465,0
465,0
465,0
465,0
465,0
465,0
465,0
465,0
465,0
465,0
465,0
465,0
465,0
465,0
465,0
465,0
465,0
465,0
465,0
465,0
465,0
465,0
465,0
465,0
465,0
465,0
465,0
465,0
465,0
465,0
465,0
465,0
465,0
465,0
465,0
465,0
465,0
465,0
465,0
465,0
465,0
465,0
465,0
465,0
465,0
465,0
465,0
465,0
465,0
465,0
465,0
465,0
465,0
465,0
465,0
465,0
465,0
465,0
465,0
465,0
465,0
465,0
465,0
465,0
465,0
465,0
465,0
465,0
465,0
465,0
465,0
465,0
465,0
465,0
465,0
465,0
465,0
465,0
465,0
465,0
465,0
465,0
465,0
465,0
465,0
465,0
465,0
465,0
465,0
465,0
508,0
530,0
545,0
559,0
565,0
571,0
578,0
583,0
589,0
591,0
594,0
599,0
605,0
619,0
625,0
627,0
640,0
644,0
653,0
649,0
647,0
649,0
652,0
654,0
660,0
659,0
662,0
660,0
658,0
658,0
662,0
665,0
665,0
662,0
661,0
663,0
661,0
662,0
662,0
664,0
664,0
662,0
667,0
671,0
673,0
673,0
670,0
675,0
675,0
674,0
674,0
678,0
680,0
682,0
678,0
680,0
684,0
688,0
688,0
698,0
697,0
697,0
693,0
692,0
689,0
685,0
681,0
678,0
674,0
672,0
664,0
659,0
655,0
651,0
648,0
643,0
640,0
637,0
635,0
629,0
622,0
618,0
613,0
607,0
601,0
596,0
588,0
583,0
579,0
569,0
565,0
559,0
553,0
547,0
539,0
535,0
530,0
525,0
518,0
516,0
512,0
510,0
504,0
501,0
500,0
497,0
494,0
491,0
489,0
488,0
487,0
485,0
485,0
484,0
483,0
482,0
477,0
474,0
473,0
469,0
464,0
462,0
462,0
462,0
459,0
459,0
459,0
458,0
458,0
458,0
456,0
456,0
455,0
454,0
454,0
454,0
454,0
453,0
453,0
453,0
452,0
451,0
451,0
451,0
451,0
451,0
451,0
451,0
451,0
451,0
451,0
451,0
451,0
451,0
450,0
450,0
450,0
450,0
450,0
450,0
450,0
450,0
450,0
450,0
450,0
450,0
450,0
450,0
450,0
450,0
450,0
450,0
450,0
450,0
450,0
450,0
450,0
450,0
450,0
450,0
450,0
450,0
450,0
450,0
450,0
450,0
450,0
450,0
450,0
450,0
450,0
450,0
450,0
450,0
450,0
450,0
450,0
450,0
450,0
450,0
450,0
450,0
450,0
450,0
450,0
450,0
450,0
450,0
450,0
450,0
450,0
450,0
450,0
450,0
450,0
450,0
450,0
450,0
450,0
450,0
450,0
450,0
450,0
450,0
450,0
450,0
450,0
450,0
450,0
450,0
450,0
450,0
450,0
450,0
450,0
450,0
450,0
450,0
450,0
450,0
450,0
450,0
450,0
450,0
450,0
450,0
450,0
450,0
450,0
450,0
450,0
450,0
450,0
450,0
450,0
450,0
450,0
450,0
450,0
450,0
450,0
450,0
450,0
450,0
450,0
450,0
450,0
450,0
450,0
450,0
450,0
450,0
450,0
450,0
450,0
450,0
450,0
450,0
450,0
450,0
450,0
450,0
450,0
450,0
450,0
450,0
450,0
450,0
450,0
450,0
450,0
450,0
450,0
450,0
450,0
450,0
450,0
450,0
450,0
450,0
450,0
450,0
450,0
450,0
450,0
450,0
450,0
450,0
450,0
450,0
450,0
450,0
450,0
450,0
450,0
450,0
450,0
450,0
450,0
450,0
450,0
450,0
450,0
450,0
450,0
450,0
450,0
450,0
450,0
450,0
450,0
450,0
450,0
450,0
450,0
450,0
450,0
450,0
450,0
450,0
450,0
450,0
450,0
450,0
450,0
450,0
450,0
450,0
450,0
450,0
450,0
450,0
450,0
450,0
450,0
450,0
450,0
450,0
450,0
450,0
450,0
450,0
450,0
450,0
450,0
502,0
522,0
532,0
547,0
562,0
570,0
585,0
597,0
603,0
615,0
617,0
622,0
621,0
622,0
628,0
631,0
631,0
632,0
641,0
645,0
648,0
650,0
655,0
657,0
658,0
655,0
655,0
655,0
659,0
658,0
662,0
665,0
662,0
663,0
661,0
665,0
669,0
671,0
672,0
674,0
675,0
673,0
679,0
678,0
683,0
686,0
685,0
685,0
689,0
691,0
690,0
691,0
694,0
693,0
693,0
694,0
694,0
697,0
696,0
701,0
699,0
697,0
696,0
694,0
692,0
690,0
684,0
682,0
680,0
678,0
674,0
670,0
666,0
663,0
659,0
657,0
653,0
650,0
642,0
640,0
637,0
634,0
629,0
621,0
616,0
612,0
605,0
600,0
596,0
591,0
584,0
573,0
570,0
564,0
560,0
555,0
547,0
547,0
542,0
537,0
531,0
526,0
524,0
519,0
516,0
513,0
510,0
506,0
501,0
496,0
495,0
494,0
490,0
488,0
487,0
482,0
479,0
476,0
475,0
475,0
474,0
471,0
468,0
467,0
465,0
464,0
463,0
462,0
461,0
461,0
461,0
461,0
461,0
460,0
459,0
459,0
458,0
458,0
458,0
458,0
458,0
458,0
458,0
458,0
458,0
458,0
458,0
458,0
458,0
458,0
458,0
458,0
458,0
457,0
457,0
457,0
457,0
457,0
457,0
457,0
457,0
457,0
457,0
457,0
457,0
457,0
457,0
457,0
457,0
457,0
457,0
457,0
457,0
457,0
457,0
457,0
457,0
457,0
457,0
457,0
457,0
457,0
457,0
457,0
457,0
457,0
457,0
457,0
457,0
457,0
457,0
457,0
457,0
457,0
457,0
457,0
457,0
457,0
457,0
457,0
457,0
457,0
457,0
457,0
457,0
457,0
457,0
457,0
457,0
457,0
457,0
457,0
457,0
457,0
457,0
457,0
457,0
457,0
457,0
457,0
457,0
457,0
457,0
457,0
457,0
457,0
457,0
457,0
457,0
457,0
457,0
457,0
457,0
457,0
457,0
457,0
457,0
457,0
457,0
457,0
457,0
457,0
457,0
457,0
457,0
457,0
457,0
457,0
457,0
457,0
457,0
457,0
457,0
457,0
457,0
457,0
457,0
457,0
457,0
457,0
457,0
457,0
457,0
457,0
457,0
457,0
457,0
457,0
457,0
457,0
457,0
457,0
457,0
457,0
457,0
457,0
457,0
457,0
457,0
457,0
457,0
457,0
457,0
457,0
457,0
457,0
457,0
457,0
457,0
457,0
457,0
457,0
457,0
457,0
457,0
457,0
457,0
457,0
457,0
457,0
457,0
457,0
457,0
457,0
457,0
457,0
457,0
457,0
457,0
457,0
457,0
457,0
457,0
457,0
457,0
457,0
457,0
457,0
457,0
457,0
457,0
457,0
457,0
457,0
457,0
457,0
457,0
457,0
457,0
457,0
457,0
457,0
457,0
457,0
457,0
457,0
457,0
457,0
457,0
457,0
457,0
457,0
457,0
457,0
457,0
457,0
457,0
457,0
457,0
457,0
457,0
457,0
457,0
457,0
457,0
457,0
457,0
457,0
457,0
457,0
457,0
457,0
457,0
457,0
457,0
494,0
520,0
542,0
551,0
562,0
572,0
582,0
594,0
598,0
604,0
608,0
610,0
615,0
620,0
623,0
626,0
632,0
635,0
634,0
640,0
643,0
643,0
646,0
649,0
649,0
647,0
649,0
651,0
653,0
655,0
659,0
654,0
650,0
651,0
654,0
654,0
655,0
655,0
651,0
654,0
652,0
654,0
659,0
661,0
666,0
670,0
671,0
672,0
674,0
678,0
679,0
683,0
686,0
688,0
691,0
695,0
697,0
699,0
700,0
700,0
703,0
706,0
706,0
706,0
706,0
706,0
702,0
699,0
696,0
694,0
693,0
693,0
689,0
684,0
675,0
674,0
669,0
666,0
661,0
657,0
650,0
644,0
640,0
636,0
629,0
626,0
620,0
613,0
608,0
602,0
598,0
591,0
588,0
582,0
578,0
567,0
560,0
557,0
553,0
548,0
543,0
539,0
535,0
529,0
526,0
523,0
519,0
516,0
515,0
510,0
507,0
504,0
502,0
501,0
497,0
493,0
489,0
489,0
489,0
488,0
487,0
484,0
482,0
482,0
481,0
481,0
481,0
481,0
481,0
481,0
481,0
481,0
481,0
480,0
480,0
479,0
478,0
476,0
475,0
475,0
475,0
475,0
474,0
474,0
473,0
473,0
473,0
473,0
473,0
472,0
472,0
472,0
472,0
472,0
472,0
471,0
471,0
471,0
471,0
471,0
471,0
471,0
471,0
471,0
471,0
471,0
470,0
470,0
469,0
469,0
469,0
469,0
469,0
469,0
469,0
469,0
469,0
469,0
469,0
469,0
469,0
469,0
469,0
469,0
469,0
469,0
469,0
469,0
469,0
469,0
469,0
469,0
469,0
469,0
469,0
469,0
469,0
469,0
469,0
469,0
469,0
469,0
469,0
469,0
469,0
469,0
469,0
469,0
469,0
469,0
469,0
469,0
469,0
469,0
469,0
469,0
469,0
469,0
469,0
469,0
469,0
469,0
469,0
469,0
469,0
469,0
469,0
469,0
469,0
469,0
469,0
469,0
469,0
469,0
469,0
469,0
469,0
469,0
469,0
469,0
469,0
469,0
469,0
469,0
469,0
469,0
469,0
469,0
469,0
469,0
469,0
469,0
469,0
469,0
469,0
469,0
469,0
469,0
469,0
469,0
469,0
469,0
469,0
469,0
469,0
469,0
469,0
469,0
469,0
469,0
469,0
469,0
469,0
469,0
469,0
469,0
469,0
469,0
469,0
469,0
469,0
469,0
469,0
469,0
469,0
469,0
469,0
469,0
469,0
469,0
469,0
469,0
469,0
469,0
469,0
469,0
469,0
469,0
469,0
469,0
469,0
469,0
469,0
469,0
469,0
469,0
469,0
469,0
469,0
469,0
469,0
469,0
469,0
469,0
469,0
469,0
469,0
469,0
469,0
469,0
469,0
469,0
469,0
469,0
469,0
469,0
469,0
469,0
469,0
469,0
469,0
469,0
469,0
469,0
469,0
469,0
469,0
469,0
469,0
469,0
469,0
469,0
469,0
469,0
469,0
469,0
469,0
469,0
469,0
469,0
469,0
469,0
469,0
469,0
469,0
469,0
469,0
469,0
469,0
469,0
469,0
469,0
469,0
469,0
469,0
521,0
543,0
565,0
573,0
583,0
588,0
598,0
608,0
616,0
618,0
629,0
633,0
634,0
635,0
640,0
643,0
644,0
647,0
648,0
652,0
651,0
649,0
650,0
647,0
649,0
651,0
657,0
663,0
666,0
664,0
667,0
667,0
669,0
668,0
669,0
673,0
676,0
674,0
675,0
679,0
678,0
680,0
684,0
682,0
686,0
687,0
686,0
688,0
690,0
688,0
690,0
693,0
696,0
700,0
702,0
700,0
702,0
703,0
703,0
705,0
705,0
701,0
700,0
696,0
693,0
690,0
688,0
684,0
680,0
680,0
677,0
673,0
670,0
670,0
665,0
660,0
656,0
648,0
642,0
635,0
628,0
615,0
609,0
604,0
595,0
592,0
587,0
581,0
575,0
569,0
559,0
554,0
546,0
542,0
538,0
530,0
522,0
516,0
509,0
505,0
502,0
498,0
491,0
490,0
487,0
482,0
480,0
479,0
479,0
474,0
470,0
469,0
468,0
468,0
464,0
463,0
460,0
458,0
456,0
454,0
453,0
452,0
451,0
451,0
449,0
447,0
446,0
444,0
443,0
443,0
443,0
443,0
442,0
441,0
441,0
441,0
441,0
441,0
441,0
441,0
439,0
439,0
439,0
438,0
438,0
438,0
438,0
438,0
438,0
438,0
438,0
438,0
438,0
438,0
437,0
437,0
437,0
437,0
437,0
437,0
437,0
437,0
437,0
437,0
437,0
437,0
437,0
437,0
437,0
437,0
437,0
437,0
437,0
437,0
437,0
437,0
437,0
437,0
437,0
437,0
437,0
437,0
437,0
437,0
437,0
437,0
437,0
437,0
437,0
437,0
437,0
437,0
437,0
437,0
437,0
437,0
437,0
437,0
437,0
437,0
437,0
437,0
437,0
437,0
437,0
437,0
437,0
437,0
437,0
437,0
437,0
437,0
437,0
437,0
437,0
437,0
437,0
437,0
437,0
437,0
437,0
437,0
437,0
437,0
437,0
437,0
437,0
437,0
437,0
437,0
437,0
437,0
437,0
437,0
437,0
437,0
437,0
437,0
437,0
437,0
437,0
437,0
437,0
437,0
437,0
437,0
437,0
437,0
437,0
437,0
437,0
437,0
437,0
437,0
437,0
437,0
437,0
437,0
437,0
437,0
437,0
437,0
437,0
437,0
437,0
437,0
437,0
437,0
437,0
437,0
437,0
437,0
437,0
437,0
437,0
437,0
437,0
437,0
437,0
437,0
437,0
437,0
437,0
437,0
437,0
437,0
437,0
437,0
437,0
437,0
437,0
437,0
437,0
437,0
437,0
437,0
437,0
437,0
437,0
437,0
437,0
437,0
437,0
437,0
437,0
437,0
437,0
437,0
437,0
437,0
437,0
437,0
437,0
437,0
437,0
437,0
437,0
437,0
437,0
437,0
437,0
437,0
437,0
437,0
437,0
437,0
437,0
437,0
437,0
437,0
437,0
437,0
437,0
437,0
437,0
437,0
437,0
437,0
437,0
437,0
437,0
437,0
437,0
437,0
437,0
437,0
437,0
437,0
437,0
437,0
437,0
437,0
437,0
437,0
437,0
437,0
437,0
437,0
437,0
437,0
437,0
437,0
437,0
437,0
437,0
478,0
495,0
518,0
529,0
538,0
553,0
562,0
578,0
589,0
593,0
599,0
605,0
611,0
614,0
618,0
620,0
623,0
627,0
630,0
634,0
636,0
641,0
647,0
650,0
655,0
654,0
654,0
657,0
658,0
660,0
659,0
662,0
659,0
663,0
666,0
665,0
666,0
665,0
669,0
667,0
669,0
674,0
675,0
677,0
680,0
682,0
680,0
684,0
683,0
685,0
686,0
685,0
688,0
688,0
687,0
694,0
696,0
697,0
698,0
697,0
697,0
698,0
694,0
694,0
694,0
690,0
690,0
690,0
687,0
682,0
679,0
673,0
669,0
664,0
659,0
653,0
647,0
644,0
640,0
635,0
630,0
628,0
626,0
619,0
611,0
604,0
600,0
593,0
589,0
585,0
585,0
582,0
580,0
574,0
569,0
562,0
558,0
548,0
545,0
537,0
534,0
533,0
528,0
523,0
520,0
518,0
514,0
508,0
500,0
498,0
496,0
493,0
492,0
488,0
485,0
481,0
481,0
480,0
480,0
478,0
476,0
475,0
474,0
474,0
473,0
473,0
472,0
471,0
471,0
469,0
467,0
465,0
465,0
465,0
465,0
465,0
465,0
465,0
465,0
464,0
463,0
462,0
462,0
462,0
462,0
462,0
461,0
461,0
461,0
461,0
461,0
461,0
461,0
460,0
460,0
460,0
458,0
458,0
458,0
458,0
458,0
458,0
457,0
457,0
457,0
457,0
457,0
457,0
457,0
457,0
457,0
457,0
457,0
457,0
457,0
457,0
457,0
457,0
457,0
457,0
457,0
457,0
457,0
457,0
457,0
457,0
457,0
457,0
457,0
457,0
457,0
457,0
457,0
457,0
457,0
457,0
457,0
457,0
457,0
457,0
457,0
457,0
457,0
457,0
457,0
457,0
457,0
457,0
457,0
457,0
457,0
457,0
457,0
457,0
457,0
457,0
457,0
457,0
457,0
457,0
457,0
457,0
457,0
457,0
457,0
457,0
457,0
457,0
457,0
457,0
457,0
457,0
457,0
457,0
457,0
457,0
457,0
457,0
457,0
457,0
457,0
457,0
457,0
457,0
457,0
457,0
457,0
457,0
457,0
457,0
457,0
457,0
457,0
457,0
457,0
457,0
457,0
457,0
457,0
457,0
457,0
457,0
457,0
457,0
457,0
457,0
457,0
457,0
457,0
457,0
457,0
457,0
457,0
457,0
457,0
457,0
457,0
457,0
457,0
457,0
457,0
457,0
457,0
457,0
457,0
457,0
457,0
457,0
457,0
457,0
457,0
457,0
457,0
457,0
457,0
457,0
457,0
457,0
457,0
457,0
457,0
457,0
457,0
457,0
457,0
457,0
457,0
457,0
457,0
457,0
457,0
457,0
457,0
457,0
457,0
457,0
457,0
457,0
457,0
457,0
457,0
457,0
457,0
457,0
457,0
457,0
457,0
457,0
457,0
457,0
457,0
457,0
457,0
457,0
457,0
457,0
457,0
457,0
457,0
457,0
457,0
457,0
457,0
457,0
457,0
457,0
457,0
457,0
457,0
457,0
457,0
457,0
457,0
457,0
457,0
457,0
457,0
457,0
457,0
457,0
457,0
457,0
457,0
457,0
457,0
498,0
524,0
535,0
545,0
562,0
571,0
580,0
595,0
602,0
609,0
612,0
619,0
620,0
625,0
630,0
639,0
646,0
646,0
652,0
653,0
651,0
651,0
660,0
660,0
660,0
661,0
664,0
668,0
673,0
673,0
676,0
677,0
675,0
674,0
675,0
677,0
680,0
682,0
682,0
681,0
686,0
687,0
693,0
691,0
691,0
693,0
696,0
701,0
704,0
702,0
701,0
698,0
699,0
700,0
707,0
711,0
710,0
709,0
712,0
711,0
712,0
711,0
710,0
708,0
708,0
707,0
709,0
707,0
704,0
702,0
697,0
690,0
683,0
676,0
673,0
669,0
662,0
657,0
649,0
646,0
636,0
632,0
628,0
623,0
616,0
612,0
606,0
601,0
595,0
592,0
579,0
571,0
567,0
562,0
558,0
552,0
548,0
545,0
543,0
536,0
531,0
528,0
525,0
523,0
520,0
517,0
510,0
508,0
507,0
504,0
504,0
504,0
501,0
495,0
492,0
488,0
487,0
484,0
480,0
480,0
479,0
477,0
476,0
475,0
475,0
474,0
473,0
473,0
473,0
471,0
469,0
469,0
469,0
469,0
469,0
468,0
468,0
467,0
467,0
467,0
466,0
466,0
466,0
465,0
464,0
464,0
464,0
464,0
463,0
462,0
461,0
461,0
461,0
461,0
461,0
461,0
461,0
461,0
461,0
461,0
461,0
461,0
461,0
461,0
461,0
461,0
461,0
461,0
461,0
461,0
461,0
461,0
461,0
461,0
461,0
461,0
461,0
461,0
461,0
461,0
461,0
461,0
461,0
461,0
461,0
461,0
461,0
461,0
461,0
461,0
461,0
461,0
461,0
461,0
461,0
461,0
461,0
461,0
461,0
461,0
461,0
461,0
461,0
461,0
461,0
461,0
461,0
461,0
461,0
461,0
461,0
461,0
461,0
461,0
461,0
461,0
461,0
461,0
461,0
461,0
461,0
461,0
461,0
461,0
461,0
461,0
461,0
461,0
461,0
461,0
461,0
461,0
461,0
461,0
461,0
461,0
461,0
461,0
461,0
461,0
461,0
461,0
461,0
461,0
461,0
461,0
461,0
461,0
461,0
461,0
461,0
461,0
461,0
461,0
461,0
461,0
461,0
461,0
461,0
461,0
461,0
461,0
461,0
461,0
461,0
461,0
461,0
461,0
461,0
461,0
461,0
461,0
461,0
461,0
461,0
461,0
461,0
461,0
461,0
461,0
461,0
461,0
461,0
461,0
461,0
461,0
461,0
461,0
461,0
461,0
461,0
461,0
461,0
461,0
461,0
461,0
461,0
461,0
461,0
461,0
461,0
461,0
461,0
461,0
461,0
461,0
461,0
461,0
461,0
461,0
461,0
461,0
461,0
461,0
461,0
461,0
461,0
461,0
461,0
461,0
461,0
461,0
461,0
461,0
461,0
461,0
461,0
461,0
461,0
461,0
461,0
461,0
461,0
461,0
461,0
461,0
461,0
461,0
461,0
461,0
461,0
461,0
461,0
461,0
461,0
461,0
461,0
461,0
461,0
461,0
461,0
461,0
461,0
461,0
461,0
461,0
461,0
461,0
461,0
461,0
461,0
461,0
461,0
461,0
461,0
506,0
524,0
543,0
553,0
575,0
578,0
578,0
585,0
593,0
602,0
611,0
612,0
618,0
623,0
628,0
636,0
641,0
650,0
655,0
654,0
650,0
649,0
651,0
656,0
661,0
663,0
667,0
668,0
674,0
677,0
681,0
684,0
685,0
689,0
688,0
692,0
696,0
697,0
699,0
703,0
706,0
705,0
709,0
708,0
710,0
711,0
711,0
712,0
710,0
712,0
713,0
713,0
718,0
717,0
718,0
719,0
722,0
725,0
730,0
732,0
736,0
737,0
736,0
733,0
732,0
728,0
726,0
723,0
723,0
722,0
717,0
715,0
708,0
703,0
700,0
693,0
685,0
677,0
672,0
665,0
660,0
658,0
653,0
649,0
641,0
639,0
631,0
624,0
619,0
616,0
611,0
609,0
604,0
596,0
589,0
587,0
585,0
579,0
577,0
571,0
565,0
561,0
557,0
553,0
548,0
542,0
538,0
534,0
534,0
531,0
530,0
526,0
523,0
519,0
515,0
513,0
509,0
509,0
509,0
506,0
505,0
503,0
503,0
503,0
501,0
501,0
499,0
497,0
497,0
497,0
496,0
494,0
494,0
494,0
493,0
492,0
492,0
492,0
491,0
491,0
491,0
491,0
491,0
490,0
490,0
489,0
488,0
488,0
488,0
488,0
488,0
488,0
488,0
488,0
488,0
488,0
488,0
488,0
488,0
488,0
488,0
488,0
488,0
488,0
487,0
487,0
487,0
487,0
487,0
487,0
487,0
487,0
487,0
487,0
487,0
487,0
487,0
487,0
487,0
487,0
487,0
487,0
487,0
487,0
487,0
487,0
487,0
487,0
487,0
487,0
487,0
487,0
487,0
487,0
487,0
487,0
487,0
487,0
487,0
487,0
487,0
487,0
487,0
487,0
487,0
487,0
487,0
487,0
487,0
487,0
487,0
487,0
487,0
487,0
487,0
487,0
487,0
487,0
487,0
487,0
487,0
487,0
487,0
487,0
487,0
487,0
487,0
487,0
487,0
487,0
487,0
487,0
487,0
487,0
487,0
487,0
487,0
487,0
487,0
487,0
487,0
487,0
487,0
487,0
487,0
487,0
487,0
487,0
487,0
487,0
487,0
487,0
487,0
487,0
487,0
487,0
487,0
487,0
487,0
487,0
487,0
487,0
487,0
487,0
487,0
487,0
487,0
487,0
487,0
487,0
487,0
487,0
487,0
487,0
487,0
487,0
487,0
487,0
487,0
487,0
487,0
487,0
487,0
487,0
487,0
487,0
487,0
487,0
487,0
487,0
487,0
487,0
487,0
487,0
487,0
487,0
487,0
487,0
487,0
487,0
487,0
487,0
487,0
487,0
487,0
487,0
487,0
487,0
487,0
487,0
487,0
487,0
487,0
487,0
487,0
487,0
487,0
487,0
487,0
487,0
487,0
487,0
487,0
487,0
487,0
487,0
487,0
487,0
487,0
487,0
487,0
487,0
487,0
487,0
487,0
487,0
487,0
487,0
487,0
487,0
487,0
487,0
487,0
487,0
487,0
487,0
487,0
487,0
487,0
487,0
487,0
487,0
487,0
487,0
487,0
487,0
487,0
487,0
487,0
487,0
487,0
487,0
487,0
487,0
487,0
540,0
565,0
583,0
598,0
600,0
616,0
617,0
620,0
627,0
631,0
636,0
640,0
646,0
647,0
652,0
659,0
659,0
658,0
661,0
664,0
665,0
667,0
671,0
674,0
673,0
672,0
679,0
683,0
678,0
678,0
678,0
680,0
679,0
678,0
683,0
680,0
674,0
672,0
670,0
670,0
673,0
676,0
675,0
676,0
677,0
678,0
682,0
688,0
689,0
691,0
693,0
696,0
699,0
702,0
707,0
706,0
709,0
710,0
710,0
711,0
712,0
714,0
714,0
710,0
707,0
707,0
707,0
705,0
702,0
701,0
697,0
693,0
689,0
684,0
680,0
674,0
667,0
656,0
650,0
647,0
640,0
636,0
627,0
620,0
616,0
610,0
609,0
601,0
593,0
585,0
580,0
576,0
570,0
566,0
560,0
555,0
549,0
546,0
538,0
536,0
535,0
528,0
525,0
520,0
518,0
513,0
510,0
506,0
503,0
502,0
499,0
497,0
496,0
493,0
488,0
485,0
484,0
484,0
482,0
482,0
480,0
479,0
479,0
478,0
477,0
476,0
474,0
474,0
472,0
471,0
470,0
470,0
470,0
470,0
470,0
468,0
468,0
467,0
467,0
467,0
467,0
466,0
466,0
466,0
465,0
465,0
465,0
465,0
465,0
465,0
465,0
465,0
465,0
465,0
465,0
465,0
465,0
465,0
465,0
465,0
465,0
465,0
465,0
465,0
465,0
465,0
465,0
465,0
465,0
465,0
465,0
465,0
465,0
465,0
465,0
465,0
465,0
465,0
465,0
465,0
465,0
465,0
465,0
465,0
465,0
465,0
465,0
465,0
465,0
465,0
465,0
465,0
465,0
465,0
465,0
465,0
465,0
465,0
465,0
465,0
465,0
465,0
465,0
465,0
465,0
465,0
465,0
465,0
465,0
465,0
465,0
465,0
465,0
465,0
465,0
465,0
465,0
465,0
465,0
465,0
465,0
465,0
465,0
465,0
465,0
465,0
465,0
465,0
465,0
465,0
465,0
465,0
465,0
465,0
465,0
465,0
465,0
465,0
465,0
465,0
465,0
465,0
465,0
465,0
465,0
465,0
465,0
465,0
465,0
465,0
465,0
465,0
465,0
465,0
465,0
465,0
465,0
465,0
465,0
465,0
465,0
465,0
465,0
465,0
465,0
465,0
465,0
465,0
465,0
465,0
465,0
465,0
465,0
465,0
465,0
465,0
465,0
465,0
465,0
465,0
465,0
465,0
465,0
465,0
465,0
465,0
465,0
465,0
465,0
465,0
465,0
465,0
465,0
465,0
465,0
465,0
465,0
465,0
465,0
465,0
465,0
465,0
465,0
465,0
465,0
465,0
465,0
465,0
465,0
465,0
465,0
465,0
465,0
465,0
465,0
465,0
465,0
465,0
465,0
465,0
465,0
465,0
465,0
465,0
465,0
465,0
465,0
465,0
465,0
465,0
465,0
465,0
465,0
465,0
465,0
465,0
465,0
465,0
465,0
465,0
465,0
465,0
465,0
465,0
465,0
465,0
465,0
465,0
465,0
465,0
465,0
465,0
465,0
465,0
465,0
465,0
465,0
465,0
465,0
465,0
465,0
465,0
465,0
465,0
465,0
505,0
535,0
554,0
569,0
579,0
585,0
588,0
596,0
603,0
613,0
620,0
627,0
628,0
636,0
643,0
645,0
646,0
653,0
657,0
660,0
663,0
668,0
666,0
667,0
668,0
671,0
670,0
675,0
674,0
673,0
678,0
681,0
683,0
685,0
684,0
688,0
687,0
687,0
688,0
685,0
685,0
685,0
687,0
689,0
690,0
690,0
696,0
695,0
692,0
691,0
690,0
694,0
696,0
702,0
703,0
701,0
705,0
703,0
706,0
704,0
706,0
705,0
703,0
706,0
703,0
700,0
698,0
696,0
698,0
695,0
689,0
683,0
679,0
676,0
669,0
666,0
661,0
658,0
654,0
647,0
642,0
638,0
632,0
629,0
623,0
619,0
614,0
605,0
597,0
593,0
588,0
581,0
577,0
574,0
569,0
563,0
560,0
557,0
548,0
541,0
538,0
534,0
532,0
527,0
520,0
515,0
510,0
506,0
504,0
502,0
501,0
498,0
495,0
493,0
493,0
493,0
490,0
488,0
488,0
486,0
484,0
481,0
478,0
475,0
475,0
473,0
472,0
470,0
469,0
468,0
468,0
466,0
466,0
465,0
465,0
465,0
465,0
465,0
465,0
464,0
464,0
464,0
464,0
464,0
464,0
464,0
464,0
464,0
463,0
463,0
463,0
463,0
463,0
463,0
463,0
463,0
463,0
463,0
463,0
463,0
463,0
463,0
463,0
463,0
463,0
463,0
462,0
462,0
462,0
462,0
462,0
462,0
462,0
462,0
462,0
462,0
462,0
462,0
462,0
462,0
462,0
462,0
462,0
462,0
462,0
462,0
462,0
462,0
462,0
462,0
462,0
462,0
462,0
462,0
462,0
462,0
462,0
462,0
462,0
462,0
462,0
462,0
462,0
462,0
462,0
462,0
462,0
462,0
462,0
462,0
462,0
462,0
462,0
462,0
462,0
462,0
462,0
462,0
462,0
462,0
462,0
462,0
462,0
462,0
462,0
462,0
462,0
462,0
462,0
462,0
462,0
462,0
462,0
462,0
462,0
462,0
462,0
462,0
462,0
462,0
462,0
462,0
462,0
462,0
462,0
462,0
462,0
462,0
462,0
462,0
462,0
462,0
462,0
462,0
462,0
462,0
462,0
462,0
462,0
462,0
462,0
462,0
462,0
462,0
462,0
462,0
462,0
462,0
462,0
462,0
462,0
462,0
462,0
462,0
462,0
462,0
462,0
462,0
462,0
462,0
462,0
462,0
462,0
462,0
462,0
462,0
462,0
462,0
462,0
462,0
462,0
462,0
462,0
462,0
462,0
462,0
462,0
462,0
462,0
462,0
462,0
462,0
462,0
462,0
462,0
462,0
462,0
462,0
462,0
462,0
462,0
462,0
462,0
462,0
462,0
462,0
462,0
462,0
462,0
462,0
462,0
462,0
462,0
462,0
462,0
462,0
462,0
462,0
462,0
462,0
462,0
462,0
462,0
462,0
462,0
462,0
462,0
462,0
462,0
462,0
462,0
462,0
462,0
462,0
462,0
462,0
462,0
462,0
462,0
462,0
462,0
462,0
462,0
462,0
462,0
462,0
462,0
462,0
462,0
462,0
462,0
462,0
462,0
462,0
462,0
511,0
540,0
559,0
577,0
580,0
589,0
601,0
606,0
613,0
622,0
634,0
636,0
639,0
641,0
646,0
653,0
658,0
657,0
661,0
658,0
661,0
662,0
667,0
668,0
670,0
665,0
672,0
675,0
675,0
676,0
675,0
673,0
678,0
680,0
679,0
676,0
675,0
679,0
682,0
682,0
686,0
689,0
692,0
694,0
696,0
697,0
696,0
700,0
704,0
704,0
707,0
713,0
715,0
719,0
720,0
723,0
723,0
725,0
727,0
729,0
731,0
734,0
737,0
737,0
733,0
733,0
732,0
728,0
723,0
719,0
716,0
712,0
707,0
704,0
697,0
693,0
690,0
685,0
678,0
675,0
670,0
664,0
661,0
657,0
654,0
647,0
644,0
635,0
628,0
623,0
616,0
608,0
606,0
600,0
594,0
587,0
585,0
581,0
574,0
572,0
566,0
562,0
558,0
553,0
550,0
544,0
542,0
539,0
536,0
534,0
532,0
528,0
524,0
523,0
521,0
519,0
516,0
515,0
513,0
510,0
508,0
507,0
504,0
502,0
500,0
500,0
499,0
498,0
497,0
496,0
494,0
494,0
493,0
493,0
493,0
493,0
492,0
492,0
492,0
492,0
492,0
491,0
491,0
491,0
491,0
491,0
491,0
491,0
491,0
491,0
491,0
491,0
490,0
489,0
488,0
488,0
488,0
488,0
488,0
488,0
488,0
488,0
488,0
488,0
488,0
488,0
488,0
488,0
488,0
488,0
488,0
488,0
488,0
488,0
488,0
487,0
487,0
487,0
487,0
487,0
487,0
487,0
487,0
487,0
487,0
487,0
487,0
487,0
487,0
487,0
487,0
487,0
487,0
487,0
487,0
487,0
487,0
487,0
487,0
487,0
487,0
487,0
487,0
487,0
487,0
487,0
487,0
487,0
487,0
487,0
487,0
487,0
487,0
487,0
487,0
487,0
487,0
487,0
487,0
487,0
487,0
487,0
487,0
487,0
487,0
487,0
487,0
487,0
487,0
487,0
487,0
487,0
487,0
487,0
487,0
487,0
487,0
487,0
487,0
487,0
487,0
487,0
487,0
487,0
487,0
487,0
487,0
487,0
487,0
487,0
487,0
487,0
487,0
487,0
487,0
487,0
487,0
487,0
487,0
487,0
487,0
487,0
487,0
487,0
487,0
487,0
487,0
487,0
487,0
487,0
487,0
487,0
487,0
487,0
487,0
487,0
487,0
487,0
487,0
487,0
487,0
487,0
487,0
487,0
487,0
487,0
487,0
487,0
487,0
487,0
487,0
487,0
487,0
487,0
487,0
487,0
487,0
487,0
487,0
487,0
487,0
487,0
487,0
487,0
487,0
487,0
487,0
487,0
487,0
487,0
487,0
487,0
487,0
487,0
487,0
487,0
487,0
487,0
487,0
487,0
487,0
487,0
487,0
487,0
487,0
487,0
487,0
487,0
487,0
487,0
487,0
487,0
487,0
487,0
487,0
487,0
487,0
487,0
487,0
487,0
487,0
487,0
487,0
487,0
487,0
487,0
487,0
487,0
487,0
487,0
487,0
487,0
487,0
487,0
487,0
487,0
487,0
487,0
487,0
487,0
487,0
487,0
487,0
487,0
487,0
541,0
570,0
580,0
597,0
609,0
612,0
615,0
623,0
632,0
642,0
651,0
654,0
664,0
669,0
675,0
673,0
671,0
673,0
678,0
683,0
688,0
689,0
692,0
692,0
691,0
689,0
689,0
691,0
691,0
696,0
698,0
698,0
696,0
690,0
691,0
688,0
688,0
686,0
686,0
688,0
688,0
688,0
688,0
689,0
687,0
687,0
685,0
691,0
691,0
692,0
692,0
694,0
696,0
695,0
701,0
704,0
704,0
709,0
706,0
709,0
709,0
708,0
702,0
700,0
699,0
697,0
690,0
687,0
684,0
684,0
680,0
677,0
673,0
667,0
665,0
660,0
653,0
646,0
642,0
639,0
635,0
629,0
620,0
615,0
610,0
606,0
604,0
596,0
592,0
584,0
577,0
573,0
567,0
559,0
554,0
548,0
541,0
536,0
531,0
528,0
522,0
515,0
510,0
505,0
498,0
490,0
485,0
482,0
479,0
475,0
471,0
469,0
468,0
467,0
466,0
464,0
463,0
462,0
462,0
461,0
460,0
459,0
458,0
457,0
455,0
455,0
454,0
453,0
453,0
452,0
450,0
450,0
450,0
450,0
450,0
449,0
447,0
447,0
445,0
445,0
445,0
444,0
444,0
444,0
444,0
444,0
444,0
444,0
444,0
444,0
444,0
444,0
444,0
444,0
444,0
444,0
444,0
444,0
444,0
444,0
444,0
444,0
444,0
444,0
444,0
444,0
444,0
444,0
444,0
444,0
444,0
443,0
442,0
442,0
442,0
442,0
442,0
442,0
442,0
442,0
442,0
442,0
442,0
442,0
442,0
442,0
442,0
442,0
442,0
442,0
442,0
442,0
442,0
442,0
442,0
442,0
442,0
442,0
442,0
442,0
442,0
442,0
442,0
442,0
442,0
442,0
442,0
442,0
442,0
442,0
442,0
442,0
442,0
442,0
442,0
442,0
442,0
442,0
442,0
442,0
442,0
442,0
442,0
442,0
442,0
442,0
442,0
442,0
442,0
442,0
442,0
442,0
442,0
442,0
442,0
442,0
442,0
442,0
442,0
442,0
442,0
442,0
442,0
442,0
442,0
442,0
442,0
442,0
442,0
442,0
442,0
442,0
442,0
442,0
442,0
442,0
442,0
442,0
442,0
442,0
442,0
442,0
442,0
442,0
442,0
442,0
442,0
442,0
442,0
442,0
442,0
442,0
442,0
442,0
442,0
442,0
442,0
442,0
442,0
442,0
442,0
442,0
442,0
442,0
442,0
442,0
442,0
442,0
442,0
442,0
442,0
442,0
442,0
442,0
442,0
442,0
442,0
442,0
442,0
442,0
442,0
442,0
442,0
442,0
442,0
442,0
442,0
442,0
442,0
442,0
442,0
442,0
442,0
442,0
442,0
442,0
442,0
442,0
442,0
442,0
442,0
442,0
442,0
442,0
442,0
442,0
442,0
442,0
442,0
442,0
442,0
442,0
442,0
442,0
442,0
442,0
442,0
442,0
442,0
442,0
442,0
442,0
442,0
442,0
442,0
442,0
442,0
442,0
442,0
442,0
442,0
442,0
442,0
442,0
442,0
442,0
442,0
442,0
442,0
442,0
442,0
442,0
442,0
442,0
442,0
480,0
510,0
522,0
539,0
549,0
561,0
571,0
583,0
588,0
591,0
600,0
604,0
607,0
611,0
615,0
620,0
623,0
627,0
627,0
625,0
626,0
632,0
632,0
636,0
638,0
639,0
640,0
639,0
645,0
645,0
647,0
649,0
648,0
653,0
656,0
656,0
658,0
659,0
663,0
666,0
670,0
674,0
675,0
676,0
678,0
680,0
683,0
683,0
688,0
689,0
688,0
691,0
693,0
695,0
702,0
711,0
711,0
712,0
718,0
725,0
723,0
723,0
723,0
723,0
724,0
722,0
715,0
715,0
713,0
706,0
703,0
698,0
695,0
690,0
688,0
685,0
679,0
672,0
667,0
664,0
658,0
651,0
648,0
645,0
636,0
626,0
619,0
612,0
610,0
608,0
603,0
596,0
589,0
583,0
578,0
573,0
568,0
562,0
559,0
555,0
552,0
547,0
545,0
539,0
536,0
534,0
533,0
530,0
529,0
522,0
520,0
518,0
517,0
514,0
513,0
513,0
511,0
508,0
506,0
505,0
503,0
503,0
502,0
502,0
501,0
500,0
500,0
499,0
497,0
496,0
496,0
496,0
495,0
494,0
494,0
494,0
494,0
494,0
494,0
494,0
493,0
492,0
491,0
490,0
490,0
490,0
490,0
490,0
490,0
490,0
490,0
490,0
490,0
490,0
490,0
490,0
490,0
490,0
490,0
490,0
490,0
490,0
490,0
490,0
490,0
490,0
490,0
490,0
490,0
490,0
490,0
490,0
490,0
490,0
490,0
490,0
490,0
490,0
490,0
490,0
490,0
490,0
490,0
490,0
490,0
490,0
490,0
490,0
490,0
490,0
490,0
490,0
490,0
490,0
490,0
490,0
490,0
490,0
490,0
490,0
490,0
490,0
490,0
490,0
490,0
490,0
490,0
490,0
490,0
490,0
490,0
490,0
490,0
490,0
490,0
490,0
490,0
490,0
490,0
490,0
490,0
490,0
490,0
490,0
490,0
490,0
490,0
490,0
490,0
490,0
490,0
490,0
490,0
490,0
490,0
490,0
490,0
490,0
490,0
490,0
490,0
490,0
490,0
490,0
490,0
490,0
490,0
490,0
490,0
490,0
490,0
490,0
490,0
490,0
490,0
490,0
490,0
490,0
490,0
490,0
490,0
490,0
490,0
490,0
490,0
490,0
490,0
490,0
490,0
490,0
490,0
490,0
490,0
490,0
490,0
490,0
490,0
490,0
490,0
490,0
490,0
490,0
490,0
490,0
490,0
490,0
490,0
490,0
490,0
490,0
490,0
490,0
490,0
490,0
490,0
490,0
490,0
490,0
490,0
490,0
490,0
490,0
490,0
490,0
490,0
490,0
490,0
490,0
490,0
490,0
490,0
490,0
490,0
490,0
490,0
490,0
490,0
490,0
490,0
490,0
490,0
490,0
490,0
490,0
490,0
490,0
490,0
490,0
490,0
490,0
490,0
490,0
490,0
490,0
490,0
490,0
490,0
490,0
490,0
490,0
490,0
490,0
490,0
490,0
490,0
490,0
490,0
490,0
490,0
490,0
490,0
490,0
490,0
490,0
490,0
490,0
490,0
490,0
490,0
490,0
490,0
490,0
490,0
490,0
490,0
543,0
557,0
572,0
586,0
604,0
613,0
623,0
629,0
637,0
640,0
642,0
650,0
657,0
659,0
663,0
663,0
665,0
674,0
680,0
681,0
677,0
678,0
676,0
675,0
674,0
674,0
674,0
672,0
675,0
671,0
670,0
673,0
674,0
674,0
672,0
670,0
674,0
676,0
673,0
673,0
677,0
675,0
677,0
676,0
677,0
681,0
680,0
678,0
680,0
682,0
685,0
689,0
688,0
692,0
690,0
692,0
692,0
688,0
688,0
689,0
693,0
688,0
687,0
686,0
680,0
679,0
675,0
672,0
669,0
669,0
662,0
657,0
650,0
643,0
638,0
633,0
627,0
623,0
617,0
614,0
609,0
605,0
601,0
593,0
583,0
573,0
565,0
561,0
555,0
547,0
542,0
538,0
534,0
528,0
521,0
519,0
508,0
502,0
498,0
495,0
490,0
487,0
479,0
476,0
475,0
473,0
469,0
467,0
465,0
458,0
455,0
453,0
450,0
449,0
448,0
447,0
446,0
446,0
444,0
444,0
440,0
438,0
436,0
434,0
433,0
433,0
432,0
430,0
430,0
429,0
429,0
428,0
427,0
427,0
426,0
426,0
425,0
425,0
425,0
425,0
425,0
424,0
423,0
422,0
422,0
422,0
422,0
421,0
421,0
421,0
420,0
420,0
420,0
420,0
420,0
420,0
419,0
419,0
419,0
419,0
419,0
419,0
419,0
419,0
419,0
419,0
419,0
419,0
419,0
419,0
419,0
419,0
419,0
419,0
419,0
419,0
419,0
419,0
419,0
419,0
419,0
419,0
419,0
419,0
419,0
419,0
419,0
419,0
419,0
419,0
419,0
419,0
419,0
419,0
419,0
419,0
419,0
419,0
419,0
419,0
419,0
419,0
419,0
419,0
419,0
419,0
419,0
419,0
419,0
419,0
419,0
419,0
419,0
419,0
419,0
419,0
419,0
419,0
419,0
419,0
419,0
419,0
419,0
419,0
419,0
419,0
419,0
419,0
419,0
419,0
419,0
419,0
419,0
419,0
419,0
419,0
419,0
419,0
419,0
419,0
419,0
419,0
419,0
419,0
419,0
419,0
419,0
419,0
419,0
419,0
419,0
419,0
419,0
419,0
419,0
419,0
419,0
419,0
419,0
419,0
419,0
419,0
419,0
419,0
419,0
419,0
419,0
419,0
419,0
419,0
419,0
419,0
419,0
419,0
419,0
419,0
419,0
419,0
419,0
419,0
419,0
419,0
419,0
419,0
419,0
419,0
419,0
419,0
419,0
419,0
419,0
419,0
419,0
419,0
419,0
419,0
419,0
419,0
419,0
419,0
419,0
419,0
419,0
419,0
419,0
419,0
419,0
419,0
419,0
419,0
419,0
419,0
419,0
419,0
419,0
419,0
419,0
419,0
419,0
419,0
419,0
419,0
419,0
419,0
419,0
419,0
419,0
419,0
419,0
419,0
419,0
419,0
419,0
419,0
419,0
419,0
419,0
419,0
419,0
419,0
419,0
419,0
419,0
419,0
419,0
419,0
419,0
419,0
419,0
419,0
419,0
419,0
419,0
419,0
419,0
419,0
419,0
419,0
419,0
419,0
419,0
419,0
419,0
419,0
419,0
456,0
482,0
495,0
505,0
518,0
527,0
535,0
538,0
548,0
554,0
564,0
579,0
580,0
588,0
590,0
595,0
600,0
600,0
604,0
604,0
606,0
607,0
607,0
615,0
618,0
622,0
621,0
622,0
625,0
626,0
627,0
633,0
631,0
630,0
630,0
630,0
631,0
630,0
628,0
632,0
631,0
633,0
633,0
634,0
637,0
642,0
646,0
652,0
656,0
658,0
660,0
664,0
667,0
672,0
676,0
679,0
682,0
680,0
683,0
684,0
686,0
690,0
692,0
690,0
689,0
687,0
685,0
683,0
680,0
679,0
676,0
671,0
670,0
666,0
664,0
658,0
655,0
652,0
645,0
641,0
635,0
633,0
626,0
621,0
616,0
613,0
609,0
602,0
593,0
589,0
584,0
579,0
573,0
570,0
566,0
562,0
555,0
549,0
544,0
539,0
536,0
531,0
528,0
523,0
521,0
517,0
515,0
508,0
503,0
500,0
497,0
493,0
490,0
489,0
485,0
484,0
482,0
479,0
477,0
475,0
475,0
471,0
468,0
467,0
466,0
464,0
463,0
463,0
463,0
462,0
461,0
461,0
461,0
461,0
461,0
461,0
460,0
460,0
458,0
458,0
458,0
458,0
458,0
458,0
457,0
457,0
456,0
455,0
455,0
455,0
455,0
455,0
455,0
455,0
455,0
455,0
455,0
454,0
454,0
454,0
454,0
453,0
453,0
453,0
453,0
453,0
453,0
453,0
453,0
453,0
453,0
453,0
453,0
453,0
453,0
453,0
453,0
453,0
453,0
453,0
453,0
453,0
453,0
453,0
453,0
453,0
453,0
453,0
453,0
453,0
453,0
453,0
453,0
453,0
453,0
453,0
453,0
453,0
453,0
453,0
453,0
453,0
453,0
452,0
452,0
452,0
452,0
452,0
452,0
452,0
452,0
452,0
452,0
452,0
452,0
452,0
452,0
452,0
452,0
452,0
452,0
452,0
452,0
452,0
452,0
452,0
452,0
452,0
452,0
452,0
452,0
452,0
452,0
452,0
452,0
452,0
452,0
452,0
452,0
452,0
452,0
452,0
452,0
452,0
452,0
452,0
452,0
452,0
452,0
452,0
452,0
452,0
452,0
452,0
452,0
452,0
452,0
452,0
452,0
452,0
452,0
452,0
452,0
452,0
452,0
452,0
452,0
452,0
452,0
452,0
452,0
452,0
452,0
452,0
452,0
452,0
452,0
452,0
452,0
452,0
452,0
452,0
452,0
452,0
452,0
452,0
452,0
452,0
452,0
452,0
452,0
452,0
452,0
452,0
452,0
452,0
452,0
452,0
452,0
452,0
452,0
452,0
452,0
452,0
452,0
452,0
452,0
452,0
452,0
452,0
452,0
452,0
452,0
452,0
452,0
452,0
452,0
452,0
452,0
452,0
452,0
452,0
452,0
452,0
452,0
452,0
452,0
452,0
452,0
452,0
452,0
452,0
452,0
452,0
452,0
452,0
452,0
452,0
452,0
452,0
452,0
452,0
452,0
452,0
452,0
452,0
452,0
452,0
452,0
452,0
452,0
452,0
452,0
452,0
452,0
452,0
452,0
452,0
452,0
452,0
452,0
452,0
452,0
452,0
452,0
489,0
505,0
522,0
532,0
551,0
561,0
574,0
583,0
585,0
594,0
594,0
601,0
607,0
609,0
614,0
617,0
621,0
622,0
622,0
627,0
628,0
632,0
632,0
634,0
634,0
639,0
643,0
648,0
650,0
653,0
654,0
656,0
658,0
665,0
663,0
665,0
666,0
667,0
668,0
673,0
674,0
671,0
672,0
670,0
671,0
671,0
673,0
674,0
680,0
679,0
679,0
679,0
680,0
681,0
686,0
689,0
693,0
694,0
697,0
697,0
700,0
702,0
702,0
702,0
703,0
701,0
700,0
699,0
695,0
697,0
692,0
686,0
683,0
678,0
674,0
674,0
668,0
664,0
662,0
655,0
648,0
647,0
641,0
637,0
632,0
627,0
620,0
610,0
609,0
605,0
595,0
590,0
584,0
579,0
578,0
576,0
572,0
566,0
559,0
557,0
553,0
550,0
544,0
541,0
540,0
535,0
528,0
527,0
520,0
517,0
512,0
507,0
504,0
501,0
498,0
496,0
493,0
491,0
489,0
486,0
484,0
484,0
483,0
483,0
481,0
480,0
478,0
476,0
475,0
474,0
474,0
474,0
474,0
474,0
474,0
473,0
472,0
472,0
472,0
472,0
472,0
470,0
470,0
470,0
469,0
469,0
469,0
467,0
466,0
466,0
466,0
466,0
466,0
466,0
466,0
466,0
466,0
466,0
466,0
466,0
465,0
465,0
465,0
465,0
465,0
465,0
465,0
465,0
465,0
465,0
465,0
465,0
465,0
465,0
465,0
465,0
465,0
465,0
465,0
465,0
465,0
465,0
465,0
465,0
465,0
465,0
465,0
465,0
465,0
465,0
465,0
465,0
465,0
465,0
465,0
465,0
465,0
465,0
465,0
465,0
465,0
465,0
465,0
465,0
465,0
465,0
465,0
465,0
465,0
465,0
465,0
465,0
465,0
465,0
465,0
465,0
465,0
465,0
465,0
465,0
465,0
465,0
465,0
465,0
465,0
465,0
465,0
465,0
465,0
465,0
465,0
465,0
465,0
465,0
465,0
465,0
465,0
465,0
465,0
465,0
465,0
465,0
465,0
465,0
465,0
465,0
465,0
465,0
465,0
465,0
465,0
465,0
465,0
465,0
465,0
465,0
465,0
465,0
465,0
465,0
465,0
465,0
465,0
465,0
465,0
465,0
465,0
465,0
465,0
465,0
465,0
465,0
465,0
465,0
465,0
465,0
465,0
465,0
465,0
465,0
465,0
465,0
465,0
465,0
465,0
465,0
465,0
465,0
465,0
465,0
465,0
465,0
465,0
465,0
465,0
465,0
465,0
465,0
465,0
465,0
465,0
465,0
465,0
465,0
465,0
465,0
465,0
465,0
465,0
465,0
465,0
465,0
465,0
465,0
465,0
465,0
465,0
465,0
465,0
465,0
465,0
465,0
465,0
465,0
465,0
465,0
465,0
465,0
465,0
465,0
465,0
465,0
465,0
465,0
465,0
465,0
465,0
465,0
465,0
465,0
465,0
465,0
465,0
465,0
465,0
465,0
465,0
465,0
465,0
465,0
465,0
465,0
465,0
465,0
465,0
465,0
465,0
465,0
465,0
465,0
465,0
465,0
465,0
465,0
465,0
508,0
532,0
540,0
560,0
572,0
585,0
590,0
599,0
606,0
611,0
623,0
630,0
630,0
640,0
641,0
647,0
647,0
647,0
648,0
652,0
652,0
653,0
658,0
654,0
657,0
658,0
663,0
669,0
671,0
671,0
675,0
674,0
672,0
671,0
674,0
676,0
676,0
675,0
673,0
680,0
682,0
682,0
680,0
681,0
686,0
688,0
693,0
696,0
696,0
699,0
700,0
699,0
704,0
708,0
711,0
712,0
714,0
712,0
713,0
713,0
715,0
717,0
718,0
719,0
717,0
714,0
715,0
710,0
707,0
706,0
704,0
702,0
696,0
689,0
684,0
682,0
680,0
673,0
671,0
670,0
663,0
660,0
651,0
642,0
638,0
631,0
623,0
619,0
612,0
603,0
600,0
596,0
588,0
584,0
578,0
573,0
568,0
564,0
557,0
552,0
548,0
541,0
536,0
530,0
526,0
522,0
519,0
515,0
513,0
511,0
509,0
506,0
502,0
500,0
499,0
497,0
497,0
494,0
491,0
490,0
485,0
482,0
481,0
480,0
477,0
476,0
475,0
474,0
473,0
473,0
473,0
473,0
472,0
472,0
471,0
468,0
468,0
467,0
467,0
466,0
466,0
465,0
465,0
465,0
465,0
465,0
465,0
465,0
465,0
465,0
465,0
464,0
464,0
464,0
464,0
464,0
464,0
464,0
464,0
464,0
464,0
463,0
463,0
463,0
463,0
463,0
463,0
463,0
463,0
463,0
463,0
463,0
463,0
463,0
463,0
463,0
463,0
463,0
463,0
463,0
463,0
463,0
463,0
463,0
463,0
463,0
463,0
463,0
463,0
463,0
463,0
463,0
463,0
463,0
463,0
463,0
463,0
463,0
463,0
463,0
463,0
463,0
463,0
463,0
463,0
463,0
463,0
463,0
463,0
463,0
463,0
463,0
463,0
463,0
463,0
463,0
463,0
463,0
463,0
463,0
463,0
463,0
463,0
463,0
463,0
463,0
463,0
463,0
463,0
463,0
463,0
463,0
463,0
463,0
463,0
463,0
463,0
463,0
463,0
463,0
463,0
463,0
463,0
463,0
463,0
463,0
463,0
463,0
463,0
463,0
463,0
463,0
463,0
463,0
463,0
463,0
463,0
463,0
463,0
463,0
463,0
463,0
463,0
463,0
463,0
463,0
463,0
463,0
463,0
463,0
463,0
463,0
463,0
463,0
463,0
463,0
463,0
463,0
463,0
463,0
463,0
463,0
463,0
463,0
463,0
463,0
463,0
463,0
463,0
463,0
463,0
463,0
463,0
463,0
463,0
463,0
463,0
463,0
463,0
463,0
463,0
463,0
463,0
463,0
463,0
463,0
463,0
463,0
463,0
463,0
463,0
463,0
463,0
463,0
463,0
463,0
463,0
463,0
463,0
463,0
463,0
463,0
463,0
463,0
463,0
463,0
463,0
463,0
463,0
463,0
463,0
463,0
463,0
463,0
463,0
463,0
463,0
463,0
463,0
463,0
463,0
463,0
463,0
463,0
463,0
463,0
463,0
463,0
463,0
463,0
463,0
463,0
463,0
463,0
463,0
463,0
463,0
463,0
463,0
463,0
463,0
463,0
463,0
463,0
463,0
514,0
534,0
540,0
554,0
565,0
580,0
588,0
597,0
606,0
615,0
618,0
630,0
639,0
650,0
658,0
657,0
658,0
664,0
668,0
666,0
670,0
666,0
670,0
669,0
670,0
680,0
685,0
689,0
689,0
691,0
696,0
697,0
697,0
697,0
699,0
702,0
702,0
702,0
703,0
702,0
703,0
703,0
703,0
704,0
702,0
704,0
708,0
707,0
709,0
707,0
707,0
708,0
712,0
715,0
716,0
715,0
717,0
717,0
718,0
721,0
720,0
718,0
719,0
716,0
714,0
715,0
709,0
708,0
706,0
698,0
697,0
694,0
690,0
687,0
686,0
683,0
676,0
665,0
663,0
655,0
649,0
641,0
629,0
623,0
617,0
609,0
603,0
598,0
594,0
586,0
581,0
575,0
572,0
564,0
560,0
556,0
550,0
543,0
540,0
534,0
530,0
527,0
523,0
518,0
516,0
513,0
510,0
507,0
503,0
501,0
498,0
495,0
493,0
491,0
489,0
488,0
487,0
484,0
481,0
478,0
476,0
476,0
474,0
474,0
473,0
472,0
472,0
472,0
472,0
471,0
470,0
470,0
468,0
468,0
468,0
468,0
468,0
468,0
468,0
467,0
467,0
467,0
465,0
465,0
465,0
465,0
465,0
464,0
464,0
463,0
463,0
463,0
463,0
463,0
463,0
462,0
462,0
461,0
461,0
461,0
461,0
461,0
461,0
461,0
461,0
461,0
461,0
461,0
461,0
461,0
461,0
461,0
461,0
461,0
461,0
461,0
461,0
461,0
461,0
461,0
461,0
461,0
461,0
461,0
461,0
461,0
461,0
461,0
461,0
461,0
461,0
461,0
461,0
461,0
461,0
461,0
461,0
461,0
461,0
461,0
461,0
461,0
461,0
461,0
461,0
461,0
461,0
461,0
461,0
461,0
461,0
461,0
461,0
461,0
461,0
461,0
461,0
461,0
461,0
461,0
461,0
461,0
461,0
461,0
461,0
461,0
461,0
461,0
461,0
461,0
461,0
461,0
461,0
461,0
461,0
461,0
461,0
461,0
461,0
461,0
461,0
461,0
461,0
461,0
461,0
461,0
461,0
461,0
461,0
461,0
461,0
461,0
461,0
461,0
461,0
461,0
461,0
461,0
461,0
461,0
461,0
461,0
461,0
461,0
461,0
461,0
461,0
461,0
461,0
461,0
461,0
461,0
461,0
461,0
461,0
461,0
461,0
461,0
461,0
461,0
461,0
461,0
461,0
461,0
461,0
461,0
461,0
461,0
461,0
461,0
461,0
461,0
461,0
461,0
461,0
461,0
461,0
461,0
461,0
461,0
461,0
461,0
461,0
461,0
461,0
461,0
461,0
461,0
461,0
461,0
461,0
461,0
461,0
461,0
461,0
461,0
461,0
461,0
461,0
461,0
461,0
461,0
461,0
461,0
461,0
461,0
461,0
461,0
461,0
461,0
461,0
461,0
461,0
461,0
461,0
461,0
461,0
461,0
461,0
461,0
461,0
461,0
461,0
461,0
461,0
461,0
461,0
461,0
461,0
461,0
461,0
461,0
461,0
461,0
461,0
461,0
461,0
461,0
461,0
461,0
461,0
461,0
461,0
461,0
461,0
501,0
522,0
534,0
543,0
554,0
571,0
584,0
591,0
598,0
598,0
602,0
605,0
611,0
620,0
627,0
631,0
636,0
635,0
636,0
640,0
640,0
638,0
643,0
645,0
648,0
651,0
651,0
652,0
657,0
656,0
658,0
658,0
657,0
657,0
656,0
656,0
657,0
656,0
656,0
659,0
662,0
664,0
664,0
665,0
665,0
667,0
669,0
667,0
666,0
670,0
673,0
670,0
674,0
671,0
674,0
680,0
684,0
686,0
688,0
685,0
684,0
688,0
687,0
687,0
688,0
687,0
684,0
680,0
678,0
674,0
673,0
667,0
665,0
663,0
660,0
656,0
651,0
646,0
640,0
633,0
625,0
621,0
619,0
614,0
610,0
606,0
601,0
595,0
589,0
586,0
581,0
575,0
567,0
565,0
559,0
552,0
548,0
543,0
539,0
533,0
527,0
523,0
520,0
517,0
511,0
508,0
504,0
500,0
497,0
496,0
493,0
492,0
490,0
489,0
486,0
483,0
482,0
479,0
478,0
475,0
473,0
471,0
470,0
468,0
466,0
464,0
464,0
463,0
462,0
461,0
461,0
461,0
459,0
456,0
455,0
455,0
455,0
454,0
454,0
454,0
452,0
452,0
452,0
450,0
450,0
450,0
449,0
449,0
449,0
449,0
449,0
449,0
449,0
449,0
449,0
449,0
449,0
449,0
449,0
449,0
449,0
449,0
449,0
449,0
449,0
449,0
449,0
449,0
449,0
448,0
448,0
448,0
448,0
448,0
448,0
448,0
448,0
448,0
448,0
448,0
448,0
448,0
448,0
448,0
448,0
448,0
448,0
448,0
448,0
448,0
448,0
448,0
448,0
448,0
448,0
448,0
448,0
448,0
448,0
448,0
448,0
448,0
448,0
448,0
448,0
448,0
448,0
448,0
448,0
448,0
448,0
448,0
448,0
448,0
448,0
448,0
448,0
448,0
448,0
448,0
448,0
448,0
448,0
448,0
448,0
448,0
448,0
448,0
448,0
448,0
448,0
448,0
448,0
448,0
448,0
448,0
448,0
448,0
448,0
448,0
448,0
448,0
448,0
448,0
448,0
448,0
448,0
448,0
448,0
448,0
448,0
448,0
448,0
448,0
448,0
448,0
448,0
448,0
448,0
448,0
448,0
448,0
448,0
448,0
448,0
448,0
448,0
448,0
448,0
448,0
448,0
448,0
448,0
448,0
448,0
448,0
448,0
448,0
448,0
448,0
448,0
448,0
448,0
448,0
448,0
448,0
448,0
448,0
448,0
448,0
448,0
448,0
448,0
448,0
448,0
448,0
448,0
448,0
448,0
448,0
448,0
448,0
448,0
448,0
448,0
448,0
448,0
448,0
448,0
448,0
448,0
448,0
448,0
448,0
448,0
448,0
448,0
448,0
448,0
448,0
448,0
448,0
448,0
448,0
448,0
448,0
448,0
448,0
448,0
448,0
448,0
448,0
448,0
448,0
448,0
448,0
448,0
448,0
448,0
448,0
448,0
448,0
448,0
448,0
448,0
448,0
448,0
448,0
448,0
448,0
448,0
448,0
448,0
448,0
448,0
448,0
448,0
448,0
448,0
448,0
448,0
448,0
448,0
448,0
448,0
494,0
508,0
533,0
539,0
556,0
568,0
578,0
583,0
592,0
596,0
604,0
609,0
621,0
619,0
623,0
624,0
628,0
624,0
625,0
630,0
633,0
638,0
638,0
640,0
641,0
647,0
646,0
651,0
655,0
657,0
656,0
660,0
662,0
664,0
663,0
667,0
670,0
674,0
677,0
676,0
680,0
680,0
682,0
683,0
684,0
686,0
689,0
690,0
691,0
694,0
696,0
698,0
700,0
699,0
699,0
699,0
704,0
704,0
706,0
705,0
704,0
705,0
705,0
701,0
700,0
699,0
695,0
694,0
694,0
693,0
688,0
684,0
679,0
675,0
672,0
670,0
669,0
660,0
654,0
649,0
647,0
642,0
639,0
635,0
632,0
626,0
622,0
616,0
610,0
607,0
604,0
595,0
590,0
583,0
576,0
571,0
566,0
565,0
561,0
550,0
545,0
539,0
535,0
532,0
529,0
528,0
523,0
519,0
516,0
513,0
508,0
507,0
505,0
501,0
500,0
498,0
494,0
489,0
487,0
485,0
485,0
484,0
484,0
483,0
482,0
480,0
478,0
478,0
477,0
476,0
475,0
475,0
474,0
473,0
473,0
473,0
473,0
473,0
473,0
471,0
471,0
471,0
470,0
469,0
469,0
469,0
469,0
469,0
468,0
468,0
468,0
468,0
468,0
468,0
468,0
468,0
468,0
468,0
468,0
468,0
468,0
468,0
468,0
468,0
468,0
468,0
468,0
468,0
467,0
467,0
467,0
467,0
467,0
467,0
467,0
467,0
467,0
467,0
467,0
467,0
467,0
467,0
467,0
467,0
467,0
467,0
467,0
467,0
467,0
467,0
467,0
467,0
467,0
467,0
467,0
467,0
467,0
467,0
467,0
467,0
467,0
467,0
467,0
467,0
467,0
467,0
467,0
467,0
467,0
467,0
467,0
467,0
467,0
467,0
467,0
467,0
467,0
467,0
467,0
467,0
467,0
467,0
467,0
467,0
467,0
467,0
467,0
467,0
467,0
467,0
467,0
467,0
467,0
467,0
467,0
467,0
467,0
467,0
467,0
467,0
467,0
467,0
467,0
467,0
467,0
467,0
467,0
467,0
467,0
467,0
467,0
467,0
467,0
467,0
467,0
467,0
467,0
467,0
467,0
467,0
467,0
467,0
467,0
467,0
467,0
467,0
467,0
467,0
467,0
467,0
467,0
467,0
467,0
467,0
467,0
467,0
467,0
467,0
467,0
467,0
467,0
467,0
467,0
467,0
467,0
467,0
467,0
467,0
467,0
467,0
467,0
467,0
467,0
467,0
467,0
467,0
467,0
467,0
467,0
467,0
467,0
467,0
467,0
467,0
467,0
467,0
467,0
467,0
467,0
467,0
467,0
467,0
467,0
467,0
467,0
467,0
467,0
467,0
467,0
467,0
467,0
467,0
467,0
467,0
467,0
467,0
467,0
467,0
467,0
467,0
467,0
467,0
467,0
467,0
467,0
467,0
467,0
467,0
467,0
467,0
467,0
467,0
467,0
467,0
467,0
467,0
467,0
467,0
467,0
467,0
467,0
467,0
467,0
467,0
467,0
467,0
467,0
467,0
467,0
467,0
467,0
467,0
467,0
467,0
467,0
511,0
546,0
557,0
571,0
580,0
588,0
595,0
609,0
612,0
618,0
626,0
632,0
637,0
639,0
639,0
636,0
641,0
649,0
647,0
648,0
647,0
650,0
654,0
655,0
659,0
659,0
657,0
657,0
656,0
655,0
656,0
662,0
661,0
659,0
658,0
659,0
662,0
664,0
662,0
661,0
665,0
665,0
666,0
667,0
671,0
671,0
671,0
673,0
673,0
673,0
675,0
674,0
677,0
677,0
682,0
685,0
686,0
689,0
690,0
691,0
692,0
690,0
686,0
685,0
682,0
678,0
677,0
674,0
670,0
670,0
666,0
663,0
661,0
656,0
649,0
647,0
643,0
637,0
634,0
628,0
622,0
615,0
608,0
603,0
594,0
590,0
583,0
580,0
575,0
571,0
566,0
560,0
553,0
548,0
540,0
536,0
529,0
520,0
517,0
513,0
509,0
506,0
500,0
495,0
490,0
489,0
485,0
484,0
481,0
478,0
476,0
471,0
467,0
464,0
464,0
463,0
463,0
462,0
459,0
456,0
453,0
453,0
451,0
450,0
448,0
446,0
446,0
444,0
443,0
443,0
442,0
440,0
439,0
439,0
438,0
437,0
437,0
437,0
437,0
437,0
437,0
437,0
437,0
436,0
436,0
436,0
436,0
436,0
436,0
436,0
436,0
436,0
436,0
436,0
435,0
435,0
435,0
435,0
435,0
434,0
434,0
434,0
434,0
434,0
434,0
434,0
434,0
434,0
434,0
434,0
434,0
434,0
434,0
434,0
434,0
434,0
434,0
434,0
434,0
434,0
434,0
434,0
434,0
434,0
434,0
434,0
434,0
434,0
434,0
434,0
434,0
434,0
434,0
434,0
434,0
434,0
434,0
434,0
434,0
434,0
434,0
434,0
434,0
434,0
434,0
434,0
434,0
434,0
434,0
434,0
434,0
434,0
434,0
434,0
434,0
434,0
434,0
434,0
434,0
434,0
434,0
434,0
434,0
434,0
434,0
434,0
434,0
434,0
434,0
434,0
434,0
434,0
434,0
434,0
434,0
434,0
434,0
434,0
434,0
434,0
434,0
434,0
434,0
434,0
434,0
434,0
434,0
434,0
434,0
434,0
434,0
434,0
434,0
434,0
434,0
434,0
434,0
434,0
434,0
434,0
434,0
434,0
434,0
434,0
434,0
434,0
434,0
434,0
434,0
434,0
434,0
434,0
434,0
434,0
434,0
434,0
434,0
434,0
434,0
434,0
434,0
434,0
434,0
434,0
434,0
434,0
434,0
434,0
434,0
434,0
434,0
434,0
434,0
434,0
434,0
434,0
434,0
434,0
434,0
434,0
434,0
434,0
434,0
434,0
434,0
434,0
434,0
434,0
434,0
434,0
434,0
434,0
434,0
434,0
434,0
434,0
434,0
434,0
434,0
434,0
434,0
434,0
434,0
434,0
434,0
434,0
434,0
434,0
434,0
434,0
434,0
434,0
434,0
434,0
434,0
434,0
434,0
434,0
434,0
434,0
434,0
434,0
434,0
434,0
434,0
434,0
434,0
434,0
434,0
434,0
434,0
434,0
434,0
434,0
434,0
434,0
434,0
434,0
434,0
434,0
434,0
434,0
434,0
434,0
434,0
474,0
501,0
516,0
527,0
537,0
550,0
549,0
562,0
570,0
574,0
580,0
579,0
582,0
589,0
591,0
594,0
598,0
605,0
606,0
610,0
611,0
614,0
618,0
625,0
629,0
635,0
632,0
633,0
635,0
640,0
647,0
648,0
649,0
654,0
653,0
658,0
662,0
669,0
671,0
670,0
669,0
671,0
678,0
679,0
684,0
689,0
695,0
692,0
696,0
695,0
697,0
698,0
704,0
709,0
709,0
709,0
710,0
710,0
711,0
713,0
715,0
717,0
715,0
717,0
714,0
711,0
713,0
707,0
707,0
705,0
699,0
697,0
694,0
691,0
688,0
685,0
683,0
678,0
672,0
665,0
663,0
658,0
657,0
653,0
648,0
641,0
638,0
628,0
620,0
617,0
615,0
606,0
601,0
595,0
594,0
590,0
587,0
583,0
577,0
568,0
563,0
559,0
553,0
548,0
546,0
543,0
537,0
530,0
529,0
524,0
524,0
519,0
514,0
508,0
502,0
499,0
497,0
495,0
494,0
494,0
492,0
491,0
490,0
490,0
489,0
488,0
487,0
486,0
486,0
485,0
485,0
485,0
484,0
482,0
482,0
482,0
482,0
482,0
482,0
482,0
481,0
481,0
481,0
481,0
479,0
478,0
478,0
478,0
478,0
478,0
477,0
477,0
477,0
477,0
477,0
477,0
477,0
477,0
477,0
477,0
477,0
476,0
476,0
476,0
476,0
476,0
476,0
476,0
476,0
476,0
476,0
476,0
476,0
476,0
476,0
476,0
476,0
476,0
476,0
476,0
476,0
476,0
476,0
476,0
476,0
476,0
476,0
476,0
476,0
476,0
476,0
476,0
476,0
476,0
476,0
476,0
476,0
476,0
476,0
476,0
476,0
476,0
476,0
476,0
476,0
476,0
476,0
476,0
476,0
476,0
476,0
476,0
476,0
476,0
476,0
476,0
476,0
476,0
476,0
476,0
476,0
476,0
476,0
476,0
476,0
476,0
476,0
476,0
476,0
476,0
476,0
476,0
476,0
476,0
476,0
476,0
476,0
476,0
476,0
476,0
476,0
476,0
476,0
476,0
476,0
476,0
476,0
476,0
476,0
476,0
476,0
476,0
476,0
476,0
476,0
476,0
476,0
476,0
476,0
476,0
476,0
476,0
476,0
476,0
476,0
476,0
476,0
476,0
476,0
476,0
476,0
476,0
476,0
476,0
476,0
476,0
476,0
476,0
476,0
476,0
476,0
476,0
476,0
476,0
476,0
476,0
476,0
476,0
476,0
476,0
476,0
476,0
476,0
476,0
476,0
476,0
476,0
476,0
476,0
476,0
476,0
476,0
476,0
476,0
476,0
476,0
476,0
476,0
476,0
476,0
476,0
476,0
476,0
476,0
476,0
476,0
476,0
476,0
476,0
476,0
476,0
476,0
476,0
476,0
476,0
476,0
476,0
476,0
476,0
476,0
476,0
476,0
476,0
476,0
476,0
476,0
476,0
476,0
476,0
476,0
476,0
476,0
476,0
476,0
476,0
476,0
476,0
476,0
476,0
476,0
476,0
476,0
476,0
476,0
476,0
476,0
476,0
476,0
476,0
476,0
476,0
476,0
476,0
476,0
476,0
520,0
546,0
569,0
580,0
577,0
585,0
595,0
605,0
617,0
622,0
629,0
631,0
635,0
647,0
654,0
659,0
662,0
666,0
665,0
665,0
667,0
674,0
676,0
677,0
680,0
679,0
681,0
684,0
686,0
687,0
690,0
694,0
696,0
693,0
696,0
697,0
691,0
695,0
696,0
694,0
697,0
694,0
695,0
693,0
691,0
688,0
690,0
690,0
691,0
692,0
696,0
700,0
697,0
697,0
696,0
695,0
698,0
702,0
704,0
704,0
706,0
704,0
703,0
701,0
698,0
697,0
693,0
689,0
687,0
684,0
681,0
677,0
675,0
672,0
666,0
662,0
655,0
652,0
645,0
637,0
631,0
623,0
618,0
613,0
606,0
603,0
599,0
595,0
584,0
581,0
571,0
564,0
557,0
546,0
544,0
537,0
528,0
524,0
519,0
513,0
510,0
509,0
504,0
500,0
497,0
493,0
491,0
489,0
486,0
483,0
482,0
478,0
477,0
473,0
472,0
470,0
468,0
466,0
466,0
463,0
463,0
462,0
461,0
461,0
459,0
458,0
455,0
454,0
453,0
453,0
452,0
452,0
452,0
451,0
451,0
451,0
451,0
451,0
451,0
450,0
450,0
450,0
449,0
448,0
448,0
448,0
448,0
448,0
448,0
448,0
448,0
448,0
448,0
448,0
448,0
448,0
448,0
448,0
448,0
448,0
448,0
448,0
448,0
448,0
448,0
448,0
448,0
448,0
448,0
448,0
448,0
448,0
448,0
448,0
448,0
448,0
448,0
448,0
448,0
448,0
448,0
448,0
448,0
448,0
448,0
448,0
448,0
448,0
448,0
448,0
448,0
448,0
448,0
448,0
448,0
448,0
448,0
448,0
448,0
448,0
448,0
448,0
448,0
448,0
448,0
448,0
448,0
448,0
448,0
448,0
448,0
448,0
448,0
448,0
448,0
448,0
448,0
448,0
448,0
448,0
448,0
448,0
448,0
448,0
448,0
448,0
448,0
448,0
448,0
448,0
448,0
448,0
448,0
448,0
448,0
448,0
448,0
448,0
448,0
448,0
448,0
448,0
448,0
448,0
448,0
448,0
448,0
448,0
448,0
448,0
448,0
448,0
448,0
448,0
448,0
448,0
448,0
448,0
448,0
448,0
448,0
448,0
448,0
448,0
448,0
448,0
448,0
448,0
448,0
448,0
448,0
448,0
448,0
448,0
448,0
448,0
448,0
448,0
448,0
448,0
448,0
448,0
448,0
448,0
448,0
448,0
448,0
448,0
448,0
448,0
448,0
448,0
448,0
448,0
448,0
448,0
448,0
448,0
448,0
448,0
448,0
448,0
448,0
448,0
448,0
448,0
448,0
448,0
448,0
448,0
448,0
448,0
448,0
448,0
448,0
448,0
448,0
448,0
448,0
448,0
448,0
448,0
448,0
448,0
448,0
448,0
448,0
448,0
448,0
448,0
448,0
448,0
448,0
448,0
448,0
448,0
448,0
448,0
448,0
448,0
448,0
448,0
448,0
448,0
448,0
448,0
448,0
448,0
448,0
448,0
448,0
448,0
448,0
448,0
448,0
448,0
448,0
448,0
448,0
448,0
448,0
448,0
448,0
448,0
448,0
488,0
517,0
531,0
544,0
552,0
558,0
569,0
575,0
582,0
588,0
594,0
605,0
613,0
614,0
615,0
621,0
627,0
626,0
633,0
636,0
637,0
636,0
636,0
638,0
639,0
640,0
642,0
645,0
644,0
644,0
646,0
650,0
649,0
652,0
652,0
653,0
657,0
661,0
658,0
657,0
660,0
662,0
664,0
667,0
669,0
673,0
677,0
679,0
680,0
682,0
682,0
684,0
684,0
684,0
687,0
687,0
690,0
690,0
694,0
694,0
695,0
693,0
691,0
691,0
691,0
688,0
685,0
685,0
682,0
679,0
676,0
672,0
668,0
665,0
661,0
654,0
651,0
644,0
642,0
636,0
632,0
627,0
622,0
618,0
609,0
603,0
597,0
594,0
589,0
584,0
578,0
572,0
568,0
566,0
562,0
553,0
546,0
539,0
534,0
530,0
527,0
519,0
517,0
514,0
508,0
504,0
501,0
497,0
495,0
492,0
490,0
486,0
483,0
479,0
478,0
476,0
471,0
469,0
467,0
465,0
464,0
462,0
462,0
460,0
460,0
457,0
457,0
456,0
454,0
453,0
453,0
453,0
452,0
452,0
451,0
451,0
451,0
450,0
450,0
449,0
449,0
449,0
447,0
447,0
447,0
447,0
447,0
446,0
445,0
445,0
445,0
444,0
444,0
444,0
444,0
444,0
444,0
444,0
444,0
443,0
443,0
443,0
443,0
443,0
443,0
443,0
443,0
443,0
443,0
443,0
443,0
443,0
443,0
443,0
443,0
443,0
443,0
443,0
443,0
443,0
443,0
443,0
443,0
443,0
443,0
443,0
443,0
443,0
443,0
443,0
443,0
443,0
443,0
443,0
443,0
443,0
443,0
443,0
443,0
443,0
443,0
443,0
443,0
443,0
443,0
443,0
443,0
443,0
443,0
443,0
443,0
443,0
443,0
443,0
443,0
443,0
443,0
443,0
443,0
443,0
443,0
443,0
443,0
443,0
443,0
443,0
443,0
443,0
443,0
443,0
443,0
443,0
443,0
443,0
443,0
443,0
443,0
443,0
443,0
443,0
443,0
443,0
443,0
443,0
443,0
443,0
443,0
443,0
443,0
443,0
443,0
443,0
443,0
443,0
443,0
443,0
443,0
443,0
443,0
443,0
443,0
443,0
443,0
443,0
443,0
443,0
443,0
443,0
443,0
443,0
443,0
443,0
443,0
443,0
443,0
443,0
443,0
443,0
443,0
443,0
443,0
443,0
443,0
443,0
443,0
443,0
443,0
443,0
443,0
443,0
443,0
443,0
443,0
443,0
443,0
443,0
443,0
443,0
443,0
443,0
443,0
443,0
443,0
443,0
443,0
443,0
443,0
443,0
443,0
443,0
443,0
443,0
443,0
443,0
443,0
443,0
443,0
443,0
443,0
443,0
443,0
443,0
443,0
443,0
443,0
443,0
443,0
443,0
443,0
443,0
443,0
443,0
443,0
443,0
443,0
443,0
443,0
443,0
443,0
443,0
443,0
443,0
443,0
443,0
443,0
443,0
443,0
443,0
443,0
443,0
443,0
443,0
443,0
443,0
443,0
443,0
443,0
443,0
443,0
443,0
443,0
443,0
443,0
443,0
443,0
479,0
497,0
511,0
533,0
544,0
558,0
567,0
572,0
585,0
595,0
600,0
615,0
624,0
626,0
629,0
629,0
633,0
637,0
640,0
646,0
645,0
646,0
646,0
650,0
652,0
655,0
662,0
658,0
662,0
661,0
664,0
660,0
661,0
661,0
660,0
661,0
658,0
654,0
658,0
654,0
659,0
657,0
658,0
659,0
661,0
662,0
661,0
658,0
659,0
664,0
670,0
669,0
669,0
670,0
675,0
676,0
678,0
680,0
687,0
686,0
689,0
689,0
689,0
690,0
690,0
687,0
683,0
681,0
676,0
674,0
671,0
667,0
664,0
655,0
653,0
650,0
647,0
645,0
639,0
638,0
631,0
623,0
620,0
614,0
606,0
604,0
598,0
594,0
587,0
577,0
568,0
562,0
555,0
550,0
540,0
534,0
529,0
526,0
522,0
518,0
508,0
505,0
503,0
502,0
497,0
495,0
492,0
489,0
484,0
484,0
483,0
478,0
474,0
472,0
467,0
465,0
465,0
462,0
461,0
458,0
456,0
453,0
451,0
451,0
451,0
450,0
450,0
450,0
450,0
449,0
449,0
448,0
448,0
448,0
447,0
445,0
445,0
445,0
445,0
444,0
444,0
444,0
444,0
444,0
444,0
444,0
443,0
443,0
443,0
443,0
443,0
443,0
442,0
442,0
442,0
442,0
442,0
442,0
442,0
442,0
442,0
442,0
442,0
442,0
442,0
442,0
442,0
442,0
442,0
442,0
442,0
442,0
442,0
442,0
442,0
442,0
442,0
442,0
442,0
442,0
442,0
442,0
442,0
442,0
442,0
442,0
442,0
442,0
442,0
442,0
442,0
442,0
442,0
442,0
442,0
442,0
442,0
442,0
442,0
442,0
442,0
442,0
442,0
442,0
442,0
442,0
442,0
442,0
442,0
442,0
442,0
442,0
442,0
442,0
442,0
442,0
442,0
442,0
442,0
442,0
442,0
442,0
442,0
442,0
442,0
442,0
442,0
442,0
442,0
442,0
442,0
442,0
442,0
442,0
442,0
442,0
442,0
442,0
442,0
442,0
442,0
442,0
442,0
442,0
442,0
442,0
442,0
442,0
442,0
442,0
442,0
442,0
442,0
442,0
442,0
442,0
442,0
442,0
442,0
442,0
442,0
442,0
442,0
442,0
442,0
442,0
442,0
442,0
442,0
442,0
442,0
442,0
442,0
442,0
442,0
442,0
442,0
442,0
442,0
442,0
442,0
442,0
442,0
442,0
442,0
442,0
442,0
442,0
442,0
442,0
442,0
442,0
442,0
442,0
442,0
442,0
442,0
442,0
442,0
442,0
442,0
442,0
442,0
442,0
442,0
442,0
442,0
442,0
442,0
442,0
442,0
442,0
442,0
442,0
442,0
442,0
442,0
442,0
442,0
442,0
442,0
442,0
442,0
442,0
442,0
442,0
442,0
442,0
442,0
442,0
442,0
442,0
442,0
442,0
442,0
442,0
442,0
442,0
442,0
442,0
442,0
442,0
442,0
442,0
442,0
442,0
442,0
442,0
442,0
442,0
442,0
442,0
442,0
442,0
442,0
442,0
442,0
442,0
442,0
442,0
442,0
442,0
442,0
442,0
442,0
480,0
503,0
525,0
539,0
550,0
563,0
577,0
581,0
590,0
593,0
599,0
603,0
606,0
611,0
617,0
624,0
628,0
629,0
634,0
635,0
639,0
646,0
647,0
646,0
648,0
649,0
650,0
652,0
654,0
659,0
660,0
660,0
666,0
666,0
670,0
674,0
676,0
678,0
682,0
681,0
683,0
685,0
690,0
692,0
695,0
696,0
697,0
702,0
703,0
705,0
708,0
708,0
713,0
714,0
714,0
718,0
724,0
724,0
725,0
726,0
727,0
726,0
725,0
726,0
725,0
727,0
727,0
727,0
723,0
721,0
717,0
716,0
714,0
712,0
705,0
700,0
692,0
685,0
681,0
677,0
671,0
662,0
659,0
656,0
651,0
648,0
645,0
637,0
633,0
628,0
626,0
621,0
613,0
611,0
604,0
601,0
599,0
594,0
590,0
587,0
583,0
578,0
576,0
574,0
570,0
565,0
562,0
559,0
553,0
550,0
548,0
548,0
544,0
542,0
538,0
533,0
532,0
529,0
527,0
525,0
524,0
522,0
521,0
521,0
519,0
518,0
517,0
515,0
515,0
513,0
513,0
511,0
511,0
511,0
511,0
510,0
510,0
508,0
508,0
508,0
508,0
507,0
507,0
507,0
506,0
506,0
506,0
506,0
506,0
505,0
505,0
504,0
504,0
504,0
504,0
504,0
504,0
504,0
504,0
504,0
504,0
504,0
504,0
504,0
504,0
504,0
504,0
504,0
504,0
504,0
504,0
504,0
504,0
504,0
504,0
504,0
504,0
504,0
504,0
504,0
504,0
503,0
503,0
503,0
503,0
503,0
503,0
503,0
503,0
503,0
503,0
503,0
503,0
503,0
503,0
503,0
503,0
503,0
503,0
503,0
503,0
503,0
503,0
503,0
503,0
503,0
503,0
503,0
503,0
503,0
503,0
503,0
503,0
503,0
503,0
503,0
503,0
503,0
503,0
503,0
503,0
503,0
503,0
503,0
503,0
503,0
503,0
503,0
503,0
503,0
503,0
503,0
503,0
503,0
503,0
503,0
503,0
503,0
503,0
503,0
503,0
503,0
503,0
503,0
503,0
503,0
503,0
503,0
503,0
503,0
503,0
503,0
503,0
503,0
503,0
503,0
503,0
503,0
503,0
503,0
503,0
503,0
503,0
503,0
503,0
503,0
503,0
503,0
503,0
503,0
503,0
503,0
503,0
503,0
503,0
503,0
503,0
503,0
503,0
503,0
503,0
503,0
503,0
503,0
503,0
503,0
503,0
503,0
503,0
503,0
503,0
503,0
503,0
503,0
503,0
503,0
503,0
503,0
503,0
503,0
503,0
503,0
503,0
503,0
503,0
503,0
503,0
503,0
503,0
503,0
503,0
503,0
503,0
503,0
503,0
503,0
503,0
503,0
503,0
503,0
503,0
503,0
503,0
503,0
503,0
503,0
503,0
503,0
503,0
503,0
503,0
503,0
503,0
503,0
503,0
503,0
503,0
503,0
503,0
503,0
503,0
503,0
503,0
503,0
503,0
503,0
503,0
503,0
503,0
503,0
503,0
503,0
503,0
503,0
503,0
503,0
503,0
503,0
503,0
503,0
503,0
503,0
503,0
503,0
503,0
557,0
590,0
602,0
617,0
628,0
639,0
644,0
657,0
666,0
671,0
678,0
683,0
688,0
690,0
698,0
701,0
702,0
704,0
704,0
707,0
706,0
710,0
710,0
711,0
709,0
708,0
709,0
709,0
708,0
709,0
713,0
717,0
719,0
722,0
715,0
713,0
714,0
714,0
716,0
715,0
716,0
716,0
717,0
713,0
713,0
714,0
711,0
713,0
716,0
716,0
716,0
718,0
719,0
719,0
716,0
717,0
719,0
719,0
720,0
722,0
720,0
722,0
717,0
716,0
719,0
716,0
715,0
709,0
704,0
702,0
697,0
692,0
689,0
685,0
680,0
676,0
668,0
661,0
658,0
654,0
648,0
644,0
637,0
628,0
622,0
616,0
610,0
609,0
599,0
592,0
586,0
580,0
578,0
572,0
566,0
562,0
552,0
548,0
543,0
539,0
534,0
527,0
521,0
521,0
515,0
512,0
509,0
507,0
501,0
497,0
495,0
494,0
490,0
486,0
484,0
483,0
479,0
476,0
475,0
474,0
473,0
471,0
469,0
467,0
467,0
466,0
465,0
465,0
465,0
465,0
465,0
465,0
465,0
465,0
465,0
464,0
464,0
464,0
463,0
463,0
463,0
462,0
461,0
461,0
461,0
461,0
461,0
461,0
461,0
461,0
461,0
460,0
460,0
459,0
459,0
459,0
459,0
459,0
459,0
459,0
459,0
459,0
459,0
459,0
459,0
459,0
459,0
459,0
459,0
459,0
459,0
459,0
459,0
459,0
459,0
459,0
459,0
459,0
459,0
459,0
459,0
459,0
459,0
459,0
459,0
459,0
459,0
459,0
459,0
459,0
459,0
459,0
459,0
459,0
459,0
459,0
459,0
459,0
459,0
459,0
459,0
459,0
459,0
459,0
459,0
459,0
459,0
459,0
459,0
459,0
459,0
459,0
459,0
459,0
459,0
459,0
459,0
459,0
459,0
459,0
459,0
459,0
459,0
459,0
459,0
459,0
459,0
459,0
459,0
459,0
459,0
459,0
459,0
459,0
459,0
459,0
459,0
459,0
459,0
459,0
459,0
459,0
459,0
459,0
459,0
459,0
459,0
459,0
459,0
459,0
459,0
459,0
459,0
459,0
459,0
459,0
459,0
459,0
459,0
459,0
459,0
459,0
459,0
459,0
459,0
459,0
459,0
459,0
459,0
459,0
459,0
459,0
459,0
459,0
459,0
459,0
459,0
459,0
459,0
459,0
459,0
459,0
459,0
459,0
459,0
459,0
459,0
459,0
459,0
459,0
459,0
459,0
459,0
459,0
459,0
459,0
459,0
459,0
459,0
459,0
459,0
459,0
459,0
459,0
459,0
459,0
459,0
459,0
459,0
459,0
459,0
459,0
459,0
459,0
459,0
459,0
459,0
459,0
459,0
459,0
459,0
459,0
459,0
459,0
459,0
459,0
459,0
459,0
459,0
459,0
459,0
459,0
459,0
459,0
459,0
459,0
459,0
459,0
459,0
459,0
459,0
459,0
459,0
459,0
459,0
459,0
459,0
459,0
459,0
459,0
459,0
459,0
459,0
459,0
459,0
459,0
459,0
459,0
459,0
459,0
459,0
459,0
459,0
459,0
459,0
496,0
515,0
540,0
554,0
571,0
580,0
589,0
595,0
600,0
605,0
611,0
621,0
623,0
627,0
633,0
640,0
649,0
648,0
652,0
654,0
658,0
659,0
658,0
664,0
670,0
671,0
671,0
672,0
670,0
673,0
676,0
677,0
678,0
679,0
685,0
686,0
693,0
696,0
695,0
700,0
698,0
701,0
701,0
702,0
704,0
708,0
706,0
708,0
710,0
713,0
718,0
722,0
724,0
725,0
727,0
731,0
733,0
738,0
739,0
740,0
739,0
739,0
739,0
740,0
735,0
733,0
731,0
732,0
727,0
729,0
728,0
721,0
718,0
714,0
711,0
708,0
706,0
700,0
696,0
689,0
682,0
675,0
666,0
662,0
656,0
652,0
646,0
642,0
639,0
634,0
626,0
622,0
615,0
611,0
607,0
605,0
598,0
594,0
587,0
582,0
576,0
574,0
569,0
565,0
559,0
553,0
552,0
548,0
542,0
542,0
540,0
538,0
538,0
537,0
536,0
534,0
530,0
526,0
524,0
524,0
524,0
522,0
520,0
518,0
517,0
516,0
515,0
514,0
513,0
513,0
513,0
513,0
513,0
513,0
511,0
510,0
508,0
508,0
508,0
508,0
508,0
508,0
508,0
508,0
508,0
507,0
506,0
506,0
505,0
505,0
505,0
504,0
504,0
504,0
503,0
503,0
503,0
503,0
503,0
503,0
503,0
503,0
503,0
503,0
503,0
502,0
502,0
501,0
501,0
501,0
501,0
501,0
501,0
501,0
501,0
501,0
501,0
501,0
501,0
501,0
501,0
501,0
501,0
501,0
501,0
501,0
501,0
501,0
501,0
501,0
501,0
501,0
501,0
501,0
501,0
501,0
501,0
501,0
501,0
501,0
501,0
501,0
501,0
501,0
501,0
501,0
501,0
501,0
501,0
501,0
501,0
501,0
501,0
501,0
501,0
501,0
501,0
501,0
501,0
501,0
501,0
501,0
501,0
501,0
501,0
501,0
501,0
501,0
501,0
501,0
501,0
501,0
501,0
501,0
501,0
501,0
501,0
501,0
501,0
501,0
501,0
501,0
501,0
501,0
501,0
501,0
501,0
501,0
501,0
501,0
501,0
501,0
501,0
501,0
501,0
501,0
501,0
501,0
501,0
501,0
501,0
501,0
501,0
501,0
501,0
501,0
501,0
501,0
501,0
501,0
501,0
501,0
501,0
501,0
501,0
501,0
501,0
501,0
501,0
501,0
501,0
501,0
501,0
501,0
501,0
501,0
501,0
501,0
501,0
501,0
501,0
501,0
501,0
501,0
501,0
501,0
501,0
501,0
501,0
501,0
501,0
501,0
501,0
501,0
501,0
501,0
501,0
501,0
501,0
501,0
501,0
501,0
501,0
501,0
501,0
501,0
501,0
501,0
501,0
501,0
501,0
501,0
501,0
501,0
501,0
501,0
501,0
501,0
501,0
501,0
501,0
501,0
501,0
501,0
501,0
501,0
501,0
501,0
501,0
501,0
501,0
501,0
501,0
501,0
501,0
501,0
501,0
501,0
501,0
501,0
501,0
501,0
501,0
501,0
501,0
501,0
501,0
501,0
501,0
501,0
501,0
501,0
501,0
501,0
501,0
551,0
583,0
604,0
614,0
624,0
628,0
638,0
647,0
649,0
651,0
658,0
663,0
670,0
679,0
684,0
683,0
682,0
688,0
684,0
693,0
696,0
696,0
693,0
696,0
694,0
693,0
693,0
690,0
695,0
694,0
695,0
694,0
697,0
702,0
702,0
702,0
708,0
706,0
702,0
704,0
703,0
703,0
707,0
705,0
705,0
705,0
707,0
707,0
709,0
709,0
708,0
712,0
714,0
716,0
718,0
720,0
721,0
719,0
724,0
722,0
725,0
722,0
719,0
714,0
713,0
711,0
706,0
703,0
701,0
696,0
694,0
689,0
684,0
679,0
672,0
667,0
662,0
658,0
654,0
651,0
647,0
637,0
627,0
618,0
611,0
605,0
598,0
591,0
585,0
578,0
576,0
570,0
565,0
558,0
551,0
545,0
540,0
537,0
528,0
523,0
520,0
518,0
513,0
509,0
504,0
501,0
498,0
498,0
495,0
493,0
490,0
486,0
482,0
480,0
477,0
475,0
471,0
469,0
466,0
464,0
461,0
460,0
460,0
459,0
459,0
457,0
457,0
456,0
453,0
452,0
451,0
450,0
450,0
450,0
450,0
450,0
450,0
450,0
450,0
449,0
449,0
449,0
449,0
449,0
449,0
449,0
449,0
448,0
448,0
448,0
448,0
448,0
448,0
448,0
448,0
448,0
447,0
447,0
447,0
447,0
447,0
447,0
447,0
447,0
447,0
447,0
447,0
447,0
447,0
447,0
447,0
447,0
447,0
447,0
447,0
447,0
447,0
447,0
447,0
447,0
447,0
447,0
447,0
447,0
447,0
447,0
447,0
447,0
447,0
447,0
447,0
447,0
447,0
447,0
447,0
447,0
447,0
447,0
447,0
447,0
447,0
447,0
447,0
447,0
447,0
447,0
447,0
447,0
447,0
447,0
447,0
447,0
447,0
447,0
447,0
447,0
447,0
447,0
447,0
447,0
447,0
447,0
447,0
447,0
447,0
447,0
447,0
447,0
447,0
447,0
447,0
447,0
447,0
447,0
447,0
447,0
447,0
447,0
447,0
447,0
447,0
447,0
447,0
447,0
447,0
447,0
447,0
447,0
447,0
447,0
447,0
447,0
447,0
447,0
447,0
447,0
447,0
447,0
447,0
447,0
447,0
447,0
447,0
447,0
447,0
447,0
447,0
447,0
447,0
447,0
447,0
447,0
447,0
447,0
447,0
447,0
447,0
447,0
447,0
447,0
447,0
447,0
447,0
447,0
447,0
447,0
447,0
447,0
447,0
447,0
447,0
447,0
447,0
447,0
447,0
447,0
447,0
447,0
447,0
447,0
447,0
447,0
447,0
447,0
447,0
447,0
447,0
447,0
447,0
447,0
447,0
447,0
447,0
447,0
447,0
447,0
447,0
447,0
447,0
447,0
447,0
447,0
447,0
447,0
447,0
447,0
447,0
447,0
447,0
447,0
447,0
447,0
447,0
447,0
447,0
447,0
447,0
447,0
447,0
447,0
447,0
447,0
447,0
447,0
447,0
447,0
447,0
447,0
447,0
447,0
447,0
447,0
447,0
447,0
447,0
447,0
447,0
447,0
447,0
447,0
447,0
447,0
447,0
447,0
447,0
486,0
512,0
535,0
554,0
565,0
571,0
585,0
589,0
591,0
603,0
614,0
611,0
612,0
614,0
619,0
631,0
632,0
632,0
634,0
632,0
633,0
635,0
634,0
638,0
642,0
641,0
642,0
642,0
647,0
645,0
645,0
647,0
647,0
645,0
648,0
653,0
655,0
657,0
659,0
656,0
656,0
657,0
658,0
657,0
660,0
662,0
664,0
666,0
668,0
672,0
676,0
677,0
684,0
688,0
688,0
691,0
692,0
691,0
690,0
695,0
694,0
694,0
695,0
695,0
696,0
694,0
691,0
689,0
691,0
685,0
684,0
679,0
679,0
669,0
668,0
664,0
661,0
653,0
648,0
645,0
642,0
638,0
637,0
631,0
628,0
623,0
614,0
612,0
606,0
599,0
590,0
584,0
577,0
573,0
567,0
561,0
555,0
551,0
549,0
542,0
539,0
535,0
530,0
527,0
525,0
520,0
515,0
515,0
512,0
509,0
508,0
505,0
501,0
498,0
498,0
494,0
493,0
490,0
489,0
486,0
484,0
484,0
483,0
482,0
481,0
480,0
478,0
476,0
475,0
474,0
474,0
474,0
474,0
473,0
473,0
473,0
473,0
473,0
473,0
473,0
473,0
473,0
472,0
472,0
472,0
472,0
472,0
472,0
472,0
472,0
472,0
472,0
472,0
472,0
472,0
471,0
471,0
471,0
471,0
470,0
470,0
470,0
470,0
470,0
470,0
470,0
470,0
470,0
470,0
470,0
470,0
470,0
470,0
470,0
470,0
470,0
470,0
470,0
470,0
470,0
470,0
470,0
470,0
470,0
470,0
470,0
470,0
470,0
470,0
470,0
470,0
470,0
470,0
470,0
470,0
470,0
470,0
470,0
470,0
470,0
470,0
470,0
470,0
470,0
470,0
470,0
470,0
470,0
470,0
470,0
470,0
470,0
470,0
470,0
470,0
470,0
470,0
470,0
470,0
470,0
470,0
470,0
470,0
470,0
470,0
470,0
470,0
470,0
470,0
470,0
470,0
470,0
470,0
470,0
470,0
470,0
470,0
470,0
470,0
470,0
470,0
470,0
470,0
470,0
470,0
470,0
470,0
470,0
470,0
470,0
470,0
470,0
470,0
470,0
470,0
470,0
470,0
470,0
470,0
470,0
470,0
470,0
470,0
470,0
470,0
470,0
470,0
470,0
470,0
470,0
470,0
470,0
470,0
470,0
470,0
470,0
470,0
470,0
470,0
470,0
470,0
470,0
470,0
470,0
470,0
470,0
470,0
470,0
470,0
470,0
470,0
470,0
470,0
470,0
470,0
470,0
470,0
470,0
470,0
470,0
470,0
470,0
470,0
470,0
470,0
470,0
470,0
470,0
470,0
470,0
470,0
470,0
470,0
470,0
470,0
470,0
470,0
470,0
470,0
470,0
470,0
470,0
470,0
470,0
470,0
470,0
470,0
470,0
470,0
470,0
470,0
470,0
470,0
470,0
470,0
470,0
470,0
470,0
470,0
470,0
470,0
470,0
470,0
470,0
470,0
470,0
470,0
470,0
470,0
470,0
470,0
470,0
470,0
470,0
470,0
470,0
470,0
470,0
470,0
470,0
470,0
470,0
470,0
470,0
470,0
522,0
543,0
564,0
575,0
584,0
596,0
604,0
618,0
623,0
627,0
638,0
640,0
645,0
649,0
653,0
652,0
648,0
648,0
649,0
653,0
654,0
654,0
658,0
662,0
667,0
665,0
664,0
666,0
667,0
669,0
671,0
674,0
673,0
678,0
678,0
682,0
679,0
682,0
685,0
682,0
684,0
683,0
682,0
681,0
680,0
685,0
687,0
688,0
687,0
687,0
689,0
689,0
692,0
696,0
702,0
704,0
702,0
704,0
706,0
705,0
709,0
707,0
704,0
704,0
705,0
703,0
703,0
699,0
697,0
695,0
694,0
691,0
688,0
686,0
679,0
673,0
670,0
666,0
661,0
657,0
654,0
651,0
641,0
635,0
628,0
623,0
619,0
609,0
606,0
599,0
594,0
585,0
579,0
570,0
559,0
556,0
551,0
545,0
543,0
537,0
536,0
532,0
531,0
526,0
523,0
517,0
516,0
512,0
503,0
503,0
502,0
499,0
499,0
497,0
494,0
493,0
493,0
489,0
488,0
487,0
485,0
484,0
483,0
480,0
477,0
476,0
475,0
473,0
471,0
470,0
470,0
468,0
467,0
467,0
467,0
467,0
466,0
466,0
466,0
466,0
464,0
463,0
462,0
461,0
460,0
460,0
460,0
458,0
458,0
458,0
458,0
457,0
457,0
457,0
457,0
457,0
457,0
457,0
457,0
457,0
457,0
457,0
457,0
457,0
457,0
457,0
457,0
457,0
457,0
457,0
457,0
457,0
457,0
457,0
457,0
457,0
457,0
457,0
457,0
457,0
457,0
457,0
457,0
457,0
457,0
457,0
457,0
457,0
457,0
457,0
457,0
457,0
457,0
457,0
457,0
457,0
457,0
457,0
457,0
457,0
457,0
457,0
457,0
457,0
457,0
457,0
457,0
457,0
457,0
457,0
457,0
457,0
457,0
457,0
457,0
457,0
457,0
457,0
457,0
457,0
457,0
457,0
457,0
457,0
457,0
457,0
457,0
457,0
457,0
457,0
457,0
457,0
457,0
457,0
457,0
457,0
457,0
457,0
457,0
457,0
457,0
457,0
457,0
457,0
457,0
457,0
457,0
457,0
457,0
457,0
457,0
457,0
457,0
457,0
457,0
457,0
457,0
457,0
457,0
457,0
457,0
457,0
457,0
457,0
457,0
457,0
457,0
457,0
457,0
457,0
457,0
457,0
457,0
457,0
457,0
457,0
457,0
457,0
457,0
457,0
457,0
457,0
457,0
457,0
457,0
457,0
457,0
457,0
457,0
457,0
457,0
457,0
457,0
457,0
457,0
457,0
457,0
457,0
457,0
457,0
457,0
457,0
457,0
457,0
457,0
457,0
457,0
457,0
457,0
457,0
457,0
457,0
457,0
457,0
457,0
457,0
457,0
457,0
457,0
457,0
457,0
457,0
457,0
457,0
457,0
457,0
457,0
457,0
457,0
457,0
457,0
457,0
457,0
457,0
457,0
457,0
457,0
457,0
457,0
457,0
457,0
457,0
457,0
457,0
457,0
457,0
457,0
457,0
457,0
457,0
457,0
457,0
457,0
457,0
457,0
457,0
457,0
457,0
457,0
457,0
457,0
457,0
457,0
457,0
457,0
506,0
522,0
542,0
565,0
573,0
579,0
584,0
595,0
603,0
611,0
619,0
630,0
636,0
639,0
638,0
641,0
647,0
647,0
653,0
655,0
660,0
663,0
665,0
669,0
669,0
670,0
674,0
678,0
684,0
688,0
687,0
683,0
680,0
679,0
677,0
677,0
678,0
681,0
677,0
677,0
679,0
678,0
681,0
682,0
683,0
685,0
686,0
692,0
692,0
699,0
704,0
705,0
711,0
711,0
715,0
719,0
718,0
717,0
717,0
719,0
719,0
720,0
720,0
718,0
716,0
714,0
712,0
707,0
704,0
699,0
696,0
691,0
688,0
685,0
679,0
675,0
669,0
666,0
662,0
658,0
652,0
644,0
635,0
628,0
624,0
618,0
613,0
608,0
602,0
595,0
590,0
585,0
579,0
574,0
571,0
566,0
559,0
555,0
552,0
548,0
546,0
542,0
539,0
534,0
531,0
525,0
522,0
520,0
518,0
513,0
508,0
502,0
501,0
493,0
489,0
486,0
485,0
484,0
481,0
480,0
479,0
479,0
478,0
477,0
476,0
475,0
474,0
474,0
474,0
474,0
472,0
472,0
471,0
471,0
470,0
470,0
470,0
470,0
470,0
470,0
470,0
470,0
470,0
470,0
470,0
470,0
470,0
470,0
469,0
469,0
469,0
468,0
467,0
467,0
467,0
467,0
467,0
467,0
467,0
467,0
467,0
467,0
467,0
467,0
467,0
467,0
467,0
467,0
467,0
467,0
467,0
467,0
467,0
467,0
467,0
467,0
467,0
467,0
467,0
467,0
467,0
467,0
467,0
467,0
467,0
467,0
467,0
467,0
467,0
467,0
467,0
467,0
467,0
467,0
467,0
467,0
467,0
467,0
467,0
467,0
467,0
467,0
467,0
467,0
467,0
467,0
467,0
467,0
467,0
467,0
467,0
467,0
467,0
467,0
467,0
467,0
467,0
467,0
467,0
467,0
467,0
467,0
467,0
467,0
467,0
467,0
467,0
467,0
467,0
467,0
467,0
467,0
467,0
467,0
467,0
467,0
467,0
467,0
467,0
467,0
467,0
467,0
467,0
467,0
467,0
467,0
467,0
467,0
467,0
467,0
467,0
467,0
467,0
467,0
467,0
467,0
467,0
467,0
467,0
467,0
467,0
467,0
467,0
467,0
467,0
467,0
467,0
467,0
467,0
467,0
467,0
467,0
467,0
467,0
467,0
467,0
467,0
467,0
467,0
467,0
467,0
467,0
467,0
467,0
467,0
467,0
467,0
467,0
467,0
467,0
467,0
467,0
467,0
467,0
467,0
467,0
467,0
467,0
467,0
467,0
467,0
467,0
467,0
467,0
467,0
467,0
467,0
467,0
467,0
467,0
467,0
467,0
467,0
467,0
467,0
467,0
467,0
467,0
467,0
467,0
467,0
467,0
467,0
467,0
467,0
467,0
467,0
467,0
467,0
467,0
467,0
467,0
467,0
467,0
467,0
467,0
467,0
467,0
467,0
467,0
467,0
467,0
467,0
467,0
467,0
467,0
467,0
467,0
467,0
467,0
467,0
467,0
467,0
467,0
467,0
467,0
467,0
467,0
467,0
467,0
467,0
467,0
467,0
467,0
467,0
522,0
544,0
566,0
575,0
581,0
589,0
595,0
610,0
622,0
627,0
627,0
633,0
637,0
642,0
645,0
642,0
642,0
644,0
649,0
651,0
657,0
663,0
669,0
673,0
676,0
675,0
676,0
681,0
682,0
677,0
683,0
683,0
682,0
680,0
686,0
688,0
691,0
692,0
694,0
693,0
695,0
693,0
695,0
698,0
697,0
699,0
700,0
701,0
702,0
704,0
709,0
707,0
712,0
714,0
719,0
720,0
721,0
723,0
727,0
727,0
730,0
733,0
735,0
733,0
730,0
730,0
727,0
726,0
722,0
715,0
713,0
712,0
709,0
703,0
697,0
696,0
693,0
688,0
684,0
680,0
678,0
670,0
666,0
657,0
654,0
648,0
645,0
640,0
631,0
627,0
624,0
619,0
614,0
608,0
605,0
596,0
589,0
588,0
584,0
578,0
572,0
570,0
567,0
565,0
563,0
561,0
560,0
556,0
555,0
550,0
544,0
542,0
538,0
537,0
533,0
533,0
531,0
529,0
528,0
525,0
523,0
523,0
522,0
520,0
519,0
518,0
515,0
513,0
512,0
512,0
512,0
512,0
509,0
509,0
509,0
507,0
506,0
504,0
504,0
503,0
503,0
503,0
503,0
502,0
502,0
502,0
502,0
501,0
501,0
501,0
501,0
501,0
501,0
501,0
501,0
501,0
501,0
501,0
501,0
501,0
501,0
501,0
501,0
501,0
501,0
501,0
501,0
501,0
500,0
500,0
500,0
500,0
500,0
500,0
500,0
500,0
500,0
500,0
500,0
500,0
500,0
500,0
500,0
500,0
500,0
500,0
500,0
500,0
500,0
500,0
500,0
500,0
500,0
500,0
500,0
500,0
500,0
500,0
500,0
500,0
500,0
500,0
500,0
500,0
500,0
500,0
500,0
500,0
500,0
500,0
500,0
500,0
500,0
500,0
500,0
500,0
500,0
500,0
500,0
500,0
500,0
500,0
500,0
500,0
500,0
500,0
500,0
500,0
500,0
500,0
500,0
500,0
500,0
500,0
500,0
500,0
500,0
500,0
500,0
500,0
500,0
500,0
500,0
500,0
500,0
500,0
500,0
500,0
500,0
500,0
500,0
500,0
500,0
500,0
500,0
500,0
500,0
500,0
500,0
500,0
500,0
500,0
500,0
500,0
500,0
500,0
500,0
500,0
500,0
500,0
500,0
500,0
500,0
500,0
500,0
500,0
500,0
500,0
500,0
500,0
500,0
500,0
500,0
500,0
500,0
500,0
500,0
500,0
500,0
500,0
500,0
500,0
500,0
500,0
500,0
500,0
500,0
500,0
500,0
500,0
500,0
500,0
500,0
500,0
500,0
500,0
500,0
500,0
500,0
500,0
500,0
500,0
500,0
500,0
500,0
500,0
500,0
500,0
500,0
500,0
500,0
500,0
500,0
500,0
500,0
500,0
500,0
500,0
500,0
500,0
500,0
500,0
500,0
500,0
500,0
500,0
500,0
500,0
500,0
500,0
500,0
500,0
500,0
500,0
500,0
500,0
500,0
500,0
500,0
500,0
500,0
500,0
500,0
500,0
500,0
500,0
500,0
500,0
500,0
500,0
500,0
500,0
500,0
500,0
500,0
541,0
572,0
590,0
603,0
611,0
622,0
626,0
631,0
641,0
647,0
652,0
660,0
666,0
670,0
673,0
679,0
680,0
684,0
686,0
686,0
684,0
681,0
682,0
681,0
684,0
685,0
687,0
690,0
696,0
697,0
694,0
700,0
702,0
700,0
703,0
701,0
705,0
706,0
709,0
711,0
712,0
715,0
712,0
713,0
715,0
721,0
721,0
722,0
723,0
723,0
724,0
725,0
724,0
725,0
727,0
728,0
727,0
730,0
729,0
728,0
731,0
731,0
732,0
729,0
727,0
721,0
719,0
718,0
713,0
706,0
698,0
691,0
688,0
683,0
679,0
673,0
667,0
659,0
654,0
652,0
648,0
642,0
636,0
630,0
621,0
615,0
611,0
604,0
599,0
593,0
583,0
578,0
573,0
566,0
561,0
558,0
553,0
545,0
536,0
533,0
531,0
527,0
521,0
517,0
514,0
506,0
502,0
497,0
495,0
492,0
492,0
489,0
487,0
486,0
485,0
483,0
482,0
480,0
479,0
478,0
478,0
477,0
476,0
476,0
475,0
473,0
471,0
470,0
470,0
468,0
464,0
462,0
462,0
462,0
462,0
462,0
462,0
461,0
461,0
461,0
461,0
460,0
460,0
459,0
459,0
458,0
458,0
458,0
458,0
458,0
458,0
458,0
458,0
458,0
458,0
458,0
458,0
458,0
458,0
458,0
458,0
458,0
457,0
457,0
457,0
457,0
457,0
457,0
457,0
457,0
457,0
457,0
457,0
457,0
457,0
457,0
457,0
457,0
457,0
457,0
457,0
457,0
457,0
457,0
457,0
457,0
457,0
457,0
457,0
457,0
457,0
457,0
457,0
457,0
457,0
457,0
457,0
457,0
457,0
457,0
457,0
457,0
457,0
457,0
457,0
457,0
457,0
457,0
457,0
457,0
457,0
457,0
457,0
457,0
457,0
457,0
457,0
457,0
457,0
457,0
457,0
457,0
457,0
457,0
457,0
457,0
457,0
457,0
457,0
457,0
457,0
457,0
457,0
457,0
457,0
457,0
457,0
457,0
457,0
457,0
457,0
457,0
457,0
457,0
457,0
457,0
457,0
457,0
457,0
457,0
457,0
457,0
457,0
457,0
457,0
457,0
457,0
457,0
457,0
457,0
457,0
457,0
457,0
457,0
457,0
457,0
457,0
457,0
457,0
457,0
457,0
457,0
457,0
457,0
457,0
457,0
457,0
457,0
457,0
457,0
457,0
457,0
457,0
457,0
457,0
457,0
457,0
457,0
457,0
457,0
457,0
457,0
457,0
457,0
457,0
457,0
457,0
457,0
457,0
457,0
457,0
457,0
457,0
457,0
457,0
457,0
457,0
457,0
457,0
457,0
457,0
457,0
457,0
457,0
457,0
457,0
457,0
457,0
457,0
457,0
457,0
457,0
457,0
457,0
457,0
457,0
457,0
457,0
457,0
457,0
457,0
457,0
457,0
457,0
457,0
457,0
457,0
457,0
457,0
457,0
457,0
457,0
457,0
457,0
457,0
457,0
457,0
457,0
457,0
457,0
457,0
457,0
457,0
457,0
457,0
457,0
457,0
457,0
457,0
457,0
457,0
457,0
457,0
457,0
457,0
509,0
520,0
541,0
554,0
563,0
571,0
579,0
585,0
600,0
607,0
616,0
627,0
636,0
639,0
646,0
650,0
648,0
654,0
654,0
655,0
661,0
665,0
662,0
664,0
663,0
662,0
661,0
664,0
662,0
662,0
663,0
668,0
665,0
668,0
666,0
667,0
666,0
665,0
662,0
662,0
664,0
660,0
664,0
665,0
670,0
668,0
668,0
670,0
678,0
674,0
675,0
675,0
675,0
676,0
679,0
682,0
682,0
682,0
686,0
684,0
687,0
688,0
682,0
684,0
685,0
686,0
683,0
680,0
675,0
670,0
664,0
659,0
656,0
650,0
646,0
647,0
642,0
636,0
631,0
622,0
616,0
608,0
602,0
599,0
593,0
587,0
583,0
579,0
571,0
564,0
560,0
556,0
550,0
547,0
536,0
526,0
522,0
517,0
516,0
512,0
507,0
505,0
497,0
496,0
494,0
491,0
491,0
489,0
484,0
482,0
481,0
478,0
475,0
471,0
469,0
468,0
466,0
464,0
462,0
461,0
458,0
456,0
452,0
449,0
447,0
446,0
446,0
445,0
444,0
443,0
442,0
442,0
441,0
441,0
441,0
441,0
441,0
441,0
441,0
441,0
441,0
441,0
441,0
440,0
439,0
438,0
438,0
438,0
438,0
438,0
438,0
438,0
438,0
438,0
438,0
438,0
438,0
438,0
438,0
438,0
438,0
437,0
437,0
437,0
437,0
437,0
437,0
437,0
437,0
437,0
436,0
436,0
436,0
436,0
436,0
436,0
436,0
436,0
436,0
436,0
436,0
436,0
436,0
436,0
436,0
436,0
436,0
436,0
436,0
436,0
436,0
436,0
436,0
436,0
436,0
436,0
436,0
436,0
436,0
436,0
436,0
436,0
436,0
436,0
436,0
436,0
436,0
436,0
436,0
436,0
436,0
436,0
436,0
436,0
436,0
436,0
436,0
436,0
436,0
436,0
436,0
436,0
436,0
436,0
436,0
436,0
436,0
436,0
436,0
436,0
436,0
436,0
436,0
436,0
436,0
436,0
436,0
436,0
436,0
436,0
436,0
436,0
436,0
436,0
436,0
436,0
436,0
436,0
436,0
436,0
436,0
436,0
436,0
436,0
436,0
436,0
436,0
436,0
436,0
436,0
436,0
436,0
436,0
436,0
436,0
436,0
436,0
436,0
436,0
436,0
436,0
436,0
436,0
436,0
436,0
436,0
436,0
436,0
436,0
436,0
436,0
436,0
436,0
436,0
436,0
436,0
436,0
436,0
436,0
436,0
436,0
436,0
436,0
436,0
436,0
436,0
436,0
436,0
436,0
436,0
436,0
436,0
436,0
436,0
436,0
436,0
436,0
436,0
436,0
436,0
436,0
436,0
436,0
436,0
436,0
436,0
436,0
436,0
436,0
436,0
436,0
436,0
436,0
436,0
436,0
436,0
436,0
436,0
436,0
436,0
436,0
436,0
436,0
436,0
436,0
436,0
436,0
436,0
436,0
436,0
436,0
436,0
436,0
436,0
436,0
436,0
436,0
436,0
436,0
436,0
436,0
436,0
436,0
436,0
436,0
436,0
436,0
436,0
436,0
436,0
436,0
436,0
436,0
436,0
436,0
477,0
499,0
514,0
526,0
537,0
552,0
565,0
575,0
585,0
590,0
596,0
598,0
602,0
604,0
607,0
613,0
617,0
626,0
625,0
622,0
625,0
627,0
632,0
633,0
635,0
640,0
644,0
644,0
649,0
648,0
651,0
649,0
650,0
651,0
654,0
660,0
660,0
664,0
666,0
671,0
670,0
670,0
671,0
671,0
671,0
678,0
681,0
685,0
687,0
690,0
691,0
694,0
694,0
693,0
695,0
698,0
699,0
701,0
701,0
703,0
707,0
707,0
706,0
705,0
704,0
703,0
702,0
698,0
697,0
696,0
695,0
690,0
687,0
682,0
682,0
674,0
669,0
663,0
656,0
654,0
650,0
644,0
638,0
635,0
623,0
617,0
611,0
609,0
603,0
593,0
591,0
586,0
580,0
573,0
568,0
561,0
552,0
546,0
543,0
538,0
533,0
531,0
525,0
523,0
518,0
515,0
513,0
505,0
501,0
499,0
499,0
492,0
488,0
486,0
484,0
480,0
479,0
477,0
475,0
475,0
474,0
474,0
474,0
474,0
474,0
473,0
473,0
471,0
471,0
470,0
470,0
469,0
469,0
468,0
468,0
466,0
465,0
463,0
463,0
463,0
463,0
463,0
463,0
462,0
462,0
462,0
462,0
462,0
462,0
462,0
462,0
462,0
462,0
462,0
462,0
462,0
461,0
461,0
461,0
460,0
460,0
460,0
460,0
460,0
460,0
460,0
460,0
460,0
460,0
460,0
460,0
460,0
460,0
460,0
460,0
460,0
460,0
460,0
460,0
460,0
460,0
460,0
460,0
460,0
460,0
460,0
460,0
460,0
460,0
460,0
460,0
460,0
460,0
460,0
460,0
460,0
460,0
460,0
460,0
460,0
460,0
460,0
460,0
460,0
460,0
460,0
460,0
460,0
460,0
460,0
460,0
460,0
460,0
460,0
460,0
460,0
460,0
460,0
460,0
460,0
460,0
460,0
460,0
460,0
460,0
460,0
460,0
460,0
460,0
460,0
460,0
460,0
460,0
460,0
460,0
460,0
460,0
460,0
460,0
460,0
460,0
460,0
460,0
460,0
460,0
460,0
460,0
460,0
460,0
460,0
460,0
460,0
460,0
460,0
460,0
460,0
460,0
460,0
460,0
460,0
460,0
460,0
460,0
460,0
460,0
460,0
460,0
460,0
460,0
460,0
460,0
460,0
460,0
460,0
460,0
460,0
460,0
460,0
460,0
460,0
460,0
460,0
460,0
460,0
460,0
460,0
460,0
460,0
460,0
460,0
460,0
460,0
460,0
460,0
460,0
460,0
460,0
460,0
460,0
460,0
460,0
460,0
460,0
460,0
460,0
460,0
460,0
460,0
460,0
460,0
460,0
460,0
460,0
460,0
460,0
460,0
460,0
460,0
460,0
460,0
460,0
460,0
460,0
460,0
460,0
460,0
460,0
460,0
460,0
460,0
460,0
460,0
460,0
460,0
460,0
460,0
460,0
460,0
460,0
460,0
460,0
460,0
460,0
460,0
460,0
460,0
460,0
460,0
460,0
460,0
460,0
460,0
460,0
460,0
460,0
460,0
460,0
460,0
460,0
460,0
460,0
460,0
460,0
460,0
460,0
507,0
541,0
559,0
573,0
584,0
591,0
598,0
603,0
605,0
612,0
617,0
619,0
626,0
633,0
639,0
637,0
647,0
645,0
649,0
652,0
653,0
656,0
661,0
667,0
673,0
680,0
681,0
682,0
682,0
684,0
682,0
681,0
680,0
677,0
678,0
682,0
686,0
685,0
685,0
687,0
687,0
686,0
685,0
689,0
692,0
695,0
697,0
700,0
702,0
703,0
702,0
706,0
709,0
709,0
707,0
705,0
708,0
708,0
711,0
711,0
713,0
714,0
712,0
712,0
711,0
708,0
703,0
697,0
695,0
694,0
689,0
686,0
684,0
678,0
673,0
672,0
669,0
666,0
657,0
649,0
645,0
640,0
635,0
627,0
622,0
616,0
608,0
603,0
598,0
594,0
583,0
576,0
570,0
567,0
566,0
561,0
560,0
556,0
552,0
550,0
545,0
541,0
534,0
530,0
522,0
515,0
512,0
510,0
509,0
508,0
507,0
503,0
500,0
499,0
497,0
497,0
494,0
493,0
492,0
491,0
491,0
490,0
489,0
487,0
485,0
482,0
479,0
476,0
475,0
474,0
474,0
473,0
473,0
473,0
472,0
472,0
472,0
471,0
471,0
471,0
471,0
471,0
471,0
471,0
470,0
469,0
469,0
469,0
469,0
469,0
469,0
469,0
469,0
469,0
469,0
469,0
469,0
469,0
469,0
469,0
469,0
469,0
469,0
469,0
468,0
467,0
467,0
466,0
466,0
466,0
466,0
466,0
466,0
466,0
466,0
466,0
466,0
466,0
466,0
466,0
466,0
466,0
466,0
466,0
466,0
466,0
466,0
466,0
466,0
466,0
466,0
466,0
466,0
466,0
466,0
466,0
466,0
466,0
466,0
466,0
466,0
466,0
466,0
466,0
466,0
466,0
466,0
466,0
466,0
466,0
466,0
466,0
466,0
466,0
466,0
466,0
466,0
466,0
466,0
466,0
466,0
466,0
466,0
466,0
466,0
466,0
466,0
466,0
466,0
466,0
466,0
466,0
466,0
466,0
466,0
466,0
466,0
466,0
466,0
466,0
466,0
466,0
466,0
466,0
466,0
466,0
466,0
466,0
466,0
466,0
466,0
466,0
466,0
466,0
466,0
466,0
466,0
466,0
466,0
466,0
466,0
466,0
466,0
466,0
466,0
466,0
466,0
466,0
466,0
466,0
466,0
466,0
466,0
466,0
466,0
466,0
466,0
466,0
466,0
466,0
466,0
466,0
466,0
466,0
466,0
466,0
466,0
466,0
466,0
466,0
466,0
466,0
466,0
466,0
466,0
466,0
466,0
466,0
466,0
466,0
466,0
466,0
466,0
466,0
466,0
466,0
466,0
466,0
466,0
466,0
466,0
466,0
466,0
466,0
466,0
466,0
466,0
466,0
466,0
466,0
466,0
466,0
466,0
466,0
466,0
466,0
466,0
466,0
466,0
466,0
466,0
466,0
466,0
466,0
466,0
466,0
466,0
466,0
466,0
466,0
466,0
466,0
466,0
466,0
466,0
466,0
466,0
466,0
466,0
466,0
466,0
466,0
466,0
466,0
466,0
466,0
466,0
466,0
466,0
466,0
466,0
466,0
466,0
466,0
466,0
500,0
533,0
553,0
565,0
576,0
594,0
597,0
601,0
606,0
618,0
622,0
629,0
629,0
636,0
639,0
640,0
641,0
641,0
641,0
647,0
655,0
654,0
654,0
659,0
661,0
663,0
663,0
663,0
663,0
664,0
672,0
674,0
675,0
676,0
679,0
676,0
677,0
676,0
673,0
677,0
670,0
671,0
671,0
671,0
673,0
674,0
677,0
677,0
678,0
679,0
678,0
677,0
681,0
686,0
690,0
696,0
697,0
700,0
700,0
702,0
703,0
702,0
700,0
699,0
697,0
696,0
696,0
692,0
690,0
681,0
678,0
676,0
672,0
668,0
665,0
664,0
660,0
652,0
645,0
643,0
637,0
631,0
625,0
624,0
622,0
616,0
606,0
604,0
600,0
597,0
595,0
590,0
582,0
575,0
568,0
560,0
555,0
547,0
545,0
542,0
539,0
534,0
529,0
525,0
523,0
522,0
518,0
516,0
514,0
511,0
509,0
507,0
503,0
497,0
495,0
492,0
492,0
491,0
490,0
489,0
487,0
486,0
484,0
483,0
479,0
479,0
478,0
478,0
475,0
474,0
473,0
473,0
473,0
473,0
473,0
473,0
473,0
473,0
472,0
471,0
470,0
470,0
470,0
470,0
469,0
467,0
466,0
466,0
466,0
466,0
466,0
466,0
465,0
465,0
465,0
465,0
465,0
465,0
464,0
464,0
464,0
464,0
464,0
464,0
464,0
464,0
464,0
464,0
464,0
464,0
464,0
464,0
464,0
464,0
464,0
464,0
464,0
464,0
464,0
464,0
464,0
464,0
464,0
464,0
464,0
464,0
464,0
464,0
464,0
464,0
464,0
464,0
464,0
464,0
464,0
464,0
464,0
464,0
464,0
464,0
464,0
464,0
464,0
464,0
464,0
464,0
464,0
464,0
464,0
464,0
464,0
464,0
464,0
464,0
464,0
464,0
464,0
464,0
464,0
464,0
464,0
464,0
464,0
464,0
464,0
464,0
464,0
464,0
464,0
464,0
464,0
464,0
464,0
464,0
464,0
464,0
464,0
464,0
464,0
464,0
464,0
464,0
464,0
464,0
464,0
464,0
464,0
464,0
464,0
464,0
464,0
464,0
464,0
464,0
464,0
464,0
464,0
464,0
464,0
464,0
464,0
464,0
464,0
464,0
464,0
464,0
464,0
464,0
464,0
464,0
464,0
464,0
464,0
464,0
464,0
464,0
464,0
464,0
464,0
464,0
464,0
464,0
464,0
464,0
464,0
464,0
464,0
464,0
464,0
464,0
464,0
464,0
464,0
464,0
464,0
464,0
464,0
464,0
464,0
464,0
464,0
464,0
464,0
464,0
464,0
464,0
464,0
464,0
464,0
464,0
464,0
464,0
464,0
464,0
464,0
464,0
464,0
464,0
464,0
464,0
464,0
464,0
464,0
464,0
464,0
464,0
464,0
464,0
464,0
464,0
464,0
464,0
464,0
464,0
464,0
464,0
464,0
464,0
464,0
464,0
464,0
464,0
464,0
464,0
464,0
464,0
464,0
464,0
464,0
464,0
464,0
464,0
464,0
464,0
464,0
464,0
464,0
464,0
464,0
464,0
464,0
464,0
464,0
464,0
464,0
501,0
526,0
547,0
550,0
559,0
572,0
579,0
588,0
600,0
603,0
613,0
621,0
629,0
639,0
643,0
645,0
644,0
647,0
650,0
651,0
653,0
655,0
660,0
663,0
663,0
667,0
668,0
668,0
671,0
671,0
673,0
674,0
676,0
679,0
682,0
684,0
687,0
687,0
687,0
688,0
688,0
689,0
691,0
692,0
692,0
695,0
698,0
695,0
698,0
698,0
700,0
701,0
702,0
699,0
701,0
704,0
706,0
708,0
711,0
715,0
714,0
711,0
711,0
710,0
709,0
706,0
703,0
702,0
697,0
699,0
693,0
690,0
683,0
683,0
680,0
679,0
676,0
669,0
665,0
658,0
655,0
651,0
644,0
636,0
629,0
620,0
612,0
603,0
599,0
595,0
589,0
582,0
576,0
572,0
567,0
563,0
556,0
551,0
549,0
546,0
544,0
542,0
537,0
532,0
526,0
524,0
524,0
522,0
518,0
515,0
512,0
507,0
507,0
503,0
501,0
498,0
494,0
492,0
489,0
485,0
482,0
481,0
479,0
478,0
478,0
478,0
477,0
475,0
475,0
474,0
474,0
474,0
471,0
471,0
471,0
471,0
470,0
470,0
469,0
469,0
469,0
468,0
467,0
467,0
467,0
467,0
467,0
466,0
466,0
466,0
466,0
466,0
466,0
466,0
466,0
466,0
466,0
466,0
466,0
466,0
466,0
466,0
466,0
466,0
466,0
466,0
466,0
466,0
466,0
466,0
466,0
466,0
466,0
466,0
466,0
466,0
466,0
466,0
466,0
466,0
466,0
466,0
466,0
466,0
466,0
466,0
466,0
466,0
466,0
466,0
466,0
466,0
466,0
466,0
466,0
466,0
466,0
466,0
466,0
466,0
466,0
466,0
466,0
466,0
466,0
466,0
466,0
466,0
466,0
466,0
466,0
466,0
466,0
466,0
466,0
466,0
466,0
466,0
466,0
466,0
466,0
466,0
466,0
466,0
466,0
466,0
466,0
466,0
466,0
466,0
466,0
466,0
466,0
466,0
466,0
466,0
466,0
466,0
466,0
466,0
466,0
466,0
466,0
466,0
466,0
466,0
466,0
466,0
466,0
466,0
466,0
466,0
466,0
466,0
466,0
466,0
466,0
466,0
466,0
466,0
466,0
466,0
466,0
466,0
466,0
466,0
466,0
466,0
466,0
466,0
466,0
466,0
466,0
466,0
466,0
466,0
466,0
466,0
466,0
466,0
466,0
466,0
466,0
466,0
466,0
466,0
466,0
466,0
466,0
466,0
466,0
466,0
466,0
466,0
466,0
466,0
466,0
466,0
466,0
466,0
466,0
466,0
466,0
466,0
466,0
466,0
466,0
466,0
466,0
466,0
466,0
466,0
466,0
466,0
466,0
466,0
466,0
466,0
466,0
466,0
466,0
466,0
466,0
466,0
466,0
466,0
466,0
466,0
466,0
466,0
466,0
466,0
466,0
466,0
466,0
466,0
466,0
466,0
466,0
466,0
466,0
466,0
466,0
466,0
466,0
466,0
466,0
466,0
466,0
466,0
466,0
466,0
466,0
466,0
466,0
466,0
466,0
466,0
466,0
466,0
466,0
466,0
466,0
466,0
466,0
512,0
536,0
550,0
565,0
570,0
575,0
585,0
592,0
598,0
608,0
621,0
626,0
623,0
624,0
631,0
638,0
638,0
639,0
639,0
641,0
644,0
648,0
651,0
658,0
658,0
656,0
657,0
661,0
660,0
660,0
664,0
662,0
663,0
666,0
669,0
671,0
672,0
674,0
674,0
675,0
677,0
679,0
675,0
678,0
679,0
683,0
684,0
685,0
686,0
689,0
694,0
693,0
691,0
689,0
691,0
690,0
691,0
694,0
697,0
699,0
702,0
695,0
697,0
693,0
691,0
693,0
689,0
686,0
682,0
676,0
673,0
669,0
665,0
658,0
655,0
653,0
648,0
643,0
639,0
633,0
629,0
623,0
619,0
612,0
604,0
600,0
594,0
591,0
587,0
578,0
573,0
571,0
565,0
561,0
555,0
553,0
549,0
545,0
540,0
534,0
531,0
529,0
526,0
521,0
520,0
513,0
511,0
509,0
502,0
497,0
496,0
495,0
493,0
491,0
490,0
485,0
481,0
481,0
479,0
475,0
475,0
475,0
473,0
471,0
467,0
465,0
464,0
464,0
463,0
463,0
462,0
461,0
461,0
461,0
461,0
461,0
461,0
461,0
461,0
461,0
461,0
461,0
461,0
461,0
461,0
461,0
461,0
460,0
460,0
460,0
460,0
460,0
460,0
460,0
460,0
460,0
460,0
460,0
460,0
460,0
460,0
460,0
460,0
460,0
460,0
460,0
460,0
460,0
460,0
460,0
460,0
460,0
460,0
460,0
460,0
460,0
460,0
460,0
460,0
460,0
460,0
460,0
460,0
460,0
460,0
460,0
460,0
460,0
460,0
460,0
460,0
460,0
460,0
460,0
460,0
460,0
460,0
460,0
460,0
460,0
460,0
460,0
460,0
460,0
460,0
460,0
460,0
460,0
460,0
460,0
460,0
460,0
460,0
460,0
460,0
460,0
460,0
460,0
460,0
460,0
460,0
460,0
460,0
460,0
460,0
460,0
460,0
460,0
460,0
460,0
460,0
460,0
460,0
460,0
460,0
460,0
460,0
460,0
460,0
460,0
460,0
460,0
460,0
460,0
460,0
460,0
460,0
460,0
460,0
460,0
460,0
460,0
460,0
460,0
460,0
460,0
460,0
460,0
460,0
460,0
460,0
460,0
460,0
460,0
460,0
460,0
460,0
460,0
460,0
460,0
460,0
460,0
460,0
460,0
460,0
460,0
460,0
460,0
460,0
460,0
460,0
460,0
460,0
460,0
460,0
460,0
460,0
460,0
460,0
460,0
460,0
460,0
460,0
460,0
460,0
460,0
460,0
460,0
460,0
460,0
460,0
460,0
460,0
460,0
460,0
460,0
460,0
460,0
460,0
460,0
460,0
460,0
460,0
460,0
460,0
460,0
460,0
460,0
460,0
460,0
460,0
460,0
460,0
460,0
460,0
460,0
460,0
460,0
460,0
460,0
460,0
460,0
460,0
460,0
460,0
460,0
460,0
460,0
460,0
460,0
460,0
460,0
460,0
460,0
460,0
460,0
460,0
460,0
460,0
460,0
460,0
460,0
460,0
460,0
460,0
460,0
460,0
460,0
460,0
460,0
460,0
460,0
460,0
460,0
460,0
501,0
534,0
547,0
562,0
573,0
581,0
596,0
604,0
615,0
623,0
626,0
625,0
628,0
632,0
643,0
647,0
649,0
650,0
653,0
651,0
655,0
655,0
659,0
664,0
666,0
666,0
669,0
670,0
669,0
667,0
665,0
669,0
666,0
666,0
667,0
671,0
671,0
671,0
673,0
677,0
680,0
683,0
686,0
689,0
691,0
689,0
693,0
697,0
699,0
700,0
703,0
707,0
708,0
709,0
709,0
715,0
719,0
720,0
720,0
721,0
721,0
721,0
720,0
719,0
714,0
713,0
709,0
707,0
706,0
704,0
702,0
699,0
696,0
693,0
691,0
686,0
683,0
677,0
676,0
674,0
667,0
661,0
658,0
654,0
651,0
644,0
637,0
631,0
621,0
612,0
608,0
602,0
600,0
596,0
591,0
583,0
577,0
574,0
570,0
565,0
561,0
558,0
554,0
549,0
541,0
537,0
534,0
531,0
528,0
523,0
522,0
517,0
514,0
511,0
509,0
506,0
504,0
501,0
499,0
497,0
494,0
494,0
493,0
492,0
491,0
491,0
490,0
489,0
488,0
488,0
487,0
486,0
486,0
485,0
485,0
485,0
485,0
483,0
482,0
482,0
482,0
482,0
482,0
482,0
482,0
482,0
482,0
482,0
482,0
482,0
482,0
482,0
482,0
482,0
482,0
481,0
481,0
481,0
481,0
481,0
481,0
481,0
481,0
481,0
480,0
480,0
480,0
480,0
480,0
480,0
480,0
480,0
480,0
480,0
480,0
480,0
480,0
480,0
480,0
480,0
480,0
480,0
480,0
480,0
480,0
480,0
480,0
480,0
480,0
480,0
480,0
480,0
480,0
480,0
480,0
480,0
480,0
480,0
480,0
480,0
480,0
480,0
480,0
480,0
480,0
480,0
480,0
480,0
480,0
480,0
480,0
480,0
480,0
480,0
480,0
480,0
480,0
480,0
480,0
480,0
480,0
480,0
480,0
480,0
480,0
480,0
480,0
480,0
480,0
480,0
480,0
480,0
480,0
480,0
480,0
480,0
480,0
480,0
480,0
480,0
480,0
480,0
480,0
480,0
480,0
480,0
480,0
480,0
480,0
480,0
480,0
480,0
480,0
480,0
480,0
480,0
480,0
480,0
480,0
480,0
480,0
480,0
480,0
480,0
480,0
480,0
480,0
480,0
480,0
480,0
480,0
480,0
480,0
480,0
480,0
480,0
480,0
480,0
480,0
480,0
480,0
480,0
480,0
480,0
480,0
480,0
480,0
480,0
480,0
480,0
480,0
480,0
480,0
480,0
480,0
480,0
480,0
480,0
480,0
480,0
480,0
480,0
480,0
480,0
480,0
480,0
480,0
480,0
480,0
480,0
480,0
480,0
480,0
480,0
480,0
480,0
480,0
480,0
480,0
480,0
480,0
480,0
480,0
480,0
480,0
480,0
480,0
480,0
480,0
480,0
480,0
480,0
480,0
480,0
480,0
480,0
480,0
480,0
480,0
480,0
480,0
480,0
480,0
480,0
480,0
480,0
480,0
480,0
480,0
480,0
480,0
480,0
480,0
480,0
480,0
480,0
480,0
480,0
480,0
480,0
480,0
480,0
480,0
480,0
480,0
520,0
551,0
566,0
581,0
595,0
607,0
622,0
623,0
630,0
637,0
646,0
650,0
645,0
644,0
652,0
654,0
656,0
660,0
664,0
666,0
669,0
670,0
674,0
673,0
671,0
672,0
676,0
680,0
681,0
684,0
683,0
685,0
689,0
684,0
684,0
687,0
690,0
693,0
695,0
697,0
698,0
700,0
702,0
704,0
705,0
706,0
709,0
709,0
713,0
713,0
710,0
713,0
717,0
718,0
719,0
723,0
726,0
726,0
726,0
730,0
733,0
733,0
731,0
731,0
728,0
720,0
715,0
713,0
708,0
705,0
701,0
697,0
694,0
685,0
683,0
678,0
667,0
661,0
657,0
654,0
646,0
640,0
638,0
631,0
625,0
618,0
606,0
599,0
590,0
586,0
580,0
577,0
573,0
569,0
566,0
562,0
558,0
555,0
548,0
545,0
542,0
540,0
536,0
532,0
527,0
522,0
519,0
512,0
510,0
506,0
503,0
501,0
501,0
497,0
494,0
490,0
486,0
484,0
482,0
482,0
480,0
480,0
479,0
477,0
477,0
474,0
473,0
473,0
473,0
473,0
472,0
471,0
470,0
470,0
470,0
470,0
469,0
468,0
468,0
468,0
468,0
467,0
467,0
467,0
467,0
467,0
467,0
467,0
467,0
466,0
466,0
466,0
466,0
466,0
466,0
466,0
466,0
466,0
466,0
466,0
466,0
466,0
466,0
466,0
466,0
466,0
466,0
466,0
466,0
466,0
466,0
466,0
466,0
466,0
466,0
466,0
466,0
466,0
466,0
466,0
466,0
466,0
466,0
466,0
466,0
466,0
466,0
466,0
466,0
466,0
466,0
466,0
466,0
466,0
466,0
466,0
466,0
466,0
466,0
466,0
466,0
466,0
466,0
466,0
466,0
466,0
466,0
466,0
466,0
466,0
466,0
466,0
466,0
466,0
466,0
466,0
466,0
466,0
466,0
466,0
466,0
466,0
466,0
466,0
466,0
466,0
466,0
466,0
466,0
466,0
466,0
466,0
466,0
466,0
466,0
466,0
466,0
466,0
466,0
466,0
466,0
466,0
466,0
466,0
466,0
466,0
466,0
466,0
466,0
466,0
466,0
466,0
466,0
466,0
466,0
466,0
466,0
466,0
466,0
466,0
466,0
466,0
466,0
466,0
466,0
466,0
466,0
466,0
466,0
466,0
466,0
466,0
466,0
466,0
466,0
466,0
466,0
466,0
466,0
466,0
466,0
466,0
466,0
466,0
466,0
466,0
466,0
466,0
466,0
466,0
466,0
466,0
466,0
466,0
466,0
466,0
466,0
466,0
466,0
466,0
466,0
466,0
466,0
466,0
466,0
466,0
466,0
466,0
466,0
466,0
466,0
466,0
466,0
466,0
466,0
466,0
466,0
466,0
466,0
466,0
466,0
466,0
466,0
466,0
466,0
466,0
466,0
466,0
466,0
466,0
466,0
466,0
466,0
466,0
466,0
466,0
466,0
466,0
466,0
466,0
466,0
466,0
466,0
466,0
466,0
466,0
466,0
466,0
466,0
466,0
466,0
466,0
466,0
466,0
466,0
466,0
466,0
466,0
466,0
466,0
466,0
466,0
466,0
466,0
466,0
522,0
550,0
566,0
580,0
591,0
609,0
614,0
617,0
629,0
636,0
637,0
654,0
655,0
651,0
655,0
655,0
655,0
655,0
659,0
657,0
659,0
656,0
658,0
660,0
657,0
661,0
658,0
663,0
661,0
662,0
665,0
663,0
663,0
665,0
667,0
667,0
670,0
668,0
669,0
673,0
678,0
680,0
680,0
679,0
680,0
682,0
683,0
685,0
688,0
693,0
694,0
699,0
699,0
702,0
703,0
703,0
706,0
708,0
707,0
709,0
709,0
707,0
706,0
707,0
707,0
703,0
700,0
697,0
691,0
687,0
682,0
681,0
673,0
670,0
668,0
664,0
661,0
656,0
648,0
643,0
637,0
631,0
625,0
621,0
616,0
614,0
609,0
605,0
600,0
592,0
586,0
578,0
575,0
569,0
564,0
557,0
549,0
545,0
538,0
534,0
531,0
523,0
518,0
515,0
510,0
506,0
504,0
500,0
494,0
493,0
491,0
490,0
488,0
483,0
483,0
481,0
478,0
476,0
476,0
475,0
473,0
472,0
471,0
470,0
469,0
467,0
466,0
466,0
465,0
463,0
462,0
462,0
461,0
461,0
460,0
459,0
459,0
459,0
459,0
459,0
459,0
459,0
459,0
459,0
459,0
459,0
459,0
458,0
458,0
458,0
457,0
457,0
457,0
457,0
457,0
457,0
457,0
457,0
457,0
457,0
457,0
456,0
456,0
456,0
456,0
456,0
456,0
456,0
456,0
456,0
456,0
456,0
456,0
456,0
456,0
456,0
456,0
456,0
456,0
456,0
456,0
456,0
456,0
456,0
456,0
456,0
456,0
456,0
456,0
456,0
456,0
456,0
456,0
456,0
456,0
456,0
456,0
456,0
456,0
456,0
456,0
456,0
456,0
456,0
456,0
456,0
456,0
456,0
456,0
456,0
456,0
456,0
456,0
456,0
456,0
456,0
456,0
456,0
456,0
456,0
456,0
456,0
456,0
456,0
456,0
456,0
456,0
456,0
456,0
456,0
456,0
456,0
456,0
456,0
456,0
456,0
456,0
456,0
456,0
456,0
456,0
456,0
456,0
456,0
456,0
456,0
456,0
456,0
456,0
456,0
456,0
456,0
456,0
456,0
456,0
456,0
456,0
456,0
456,0
456,0
456,0
456,0
456,0
456,0
456,0
456,0
456,0
456,0
456,0
456,0
456,0
456,0
456,0
456,0
456,0
456,0
456,0
456,0
456,0
456,0
456,0
456,0
456,0
456,0
456,0
456,0
456,0
456,0
456,0
456,0
456,0
456,0
456,0
456,0
456,0
456,0
456,0
456,0
456,0
456,0
456,0
456,0
456,0
456,0
456,0
456,0
456,0
456,0
456,0
456,0
456,0
456,0
456,0
456,0
456,0
456,0
456,0
456,0
456,0
456,0
456,0
456,0
456,0
456,0
456,0
456,0
456,0
456,0
456,0
456,0
456,0
456,0
456,0
456,0
456,0
456,0
456,0
456,0
456,0
456,0
456,0
456,0
456,0
456,0
456,0
456,0
456,0
456,0
456,0
456,0
456,0
456,0
456,0
456,0
456,0
456,0
456,0
456,0
456,0
456,0
456,0
456,0
456,0
456,0
456,0
491,0
519,0
533,0
548,0
559,0
569,0
580,0
588,0
596,0
605,0
602,0
610,0
619,0
624,0
633,0
640,0
646,0
647,0
648,0
657,0
656,0
656,0
660,0
660,0
661,0
661,0
662,0
665,0
670,0
672,0
671,0
669,0
675,0
679,0
679,0
683,0
681,0
685,0
686,0
684,0
686,0
685,0
689,0
689,0
692,0
698,0
702,0
701,0
704,0
704,0
710,0
708,0
706,0
704,0
708,0
706,0
708,0
717,0
720,0
722,0
723,0
722,0
723,0
725,0
727,0
725,0
719,0
715,0
713,0
714,0
706,0
704,0
698,0
692,0
686,0
680,0
675,0
675,0
671,0
663,0
660,0
655,0
653,0
648,0
640,0
638,0
631,0
625,0
619,0
615,0
609,0
604,0
594,0
589,0
585,0
581,0
576,0
570,0
569,0
564,0
557,0
554,0
548,0
544,0
540,0
538,0
535,0
529,0
526,0
523,0
521,0
519,0
518,0
512,0
510,0
508,0
506,0
504,0
502,0
499,0
498,0
498,0
497,0
495,0
494,0
494,0
494,0
494,0
494,0
494,0
493,0
493,0
493,0
492,0
492,0
492,0
491,0
490,0
490,0
490,0
490,0
490,0
490,0
490,0
490,0
490,0
490,0
490,0
490,0
490,0
490,0
490,0
490,0
490,0
490,0
490,0
490,0
489,0
489,0
489,0
489,0
489,0
489,0
489,0
489,0
489,0
489,0
489,0
489,0
489,0
489,0
489,0
489,0
489,0
489,0
489,0
489,0
489,0
489,0
489,0
489,0
489,0
489,0
489,0
489,0
489,0
489,0
489,0
489,0
489,0
489,0
489,0
489,0
489,0
489,0
489,0
489,0
489,0
489,0
489,0
489,0
489,0
489,0
489,0
489,0
489,0
489,0
489,0
489,0
489,0
489,0
489,0
489,0
489,0
489,0
489,0
489,0
489,0
489,0
489,0
489,0
489,0
489,0
489,0
489,0
489,0
489,0
489,0
489,0
489,0
489,0
489,0
489,0
489,0
489,0
489,0
489,0
489,0
489,0
489,0
489,0
489,0
489,0
489,0
489,0
489,0
489,0
489,0
489,0
489,0
489,0
489,0
489,0
489,0
489,0
489,0
489,0
489,0
489,0
489,0
489,0
489,0
489,0
489,0
489,0
489,0
489,0
489,0
489,0
489,0
489,0
489,0
489,0
489,0
489,0
489,0
489,0
489,0
489,0
489,0
489,0
489,0
489,0
489,0
489,0
489,0
489,0
489,0
489,0
489,0
489,0
489,0
489,0
489,0
489,0
489,0
489,0
489,0
489,0
489,0
489,0
489,0
489,0
489,0
489,0
489,0
489,0
489,0
489,0
489,0
489,0
489,0
489,0
489,0
489,0
489,0
489,0
489,0
489,0
489,0
489,0
489,0
489,0
489,0
489,0
489,0
489,0
489,0
489,0
489,0
489,0
489,0
489,0
489,0
489,0
489,0
489,0
489,0
489,0
489,0
489,0
489,0
489,0
489,0
489,0
489,0
489,0
489,0
489,0
489,0
489,0
489,0
489,0
489,0
489,0
489,0
489,0
489,0
489,0
489,0
489,0
489,0
489,0
489,0
489,0
539,0
561,0
577,0
594,0
602,0
612,0
615,0
623,0
631,0
645,0
650,0
654,0
657,0
661,0
664,0
670,0
676,0
679,0
678,0
687,0
686,0
689,0
689,0
685,0
687,0
691,0
697,0
698,0
697,0
702,0
705,0
702,0
700,0
702,0
700,0
700,0
706,0
707,0
704,0
706,0
710,0
710,0
706,0
708,0
708,0
709,0
707,0
705,0
704,0
710,0
710,0
712,0
716,0
718,0
716,0
714,0
716,0
719,0
721,0
720,0
724,0
720,0
717,0
715,0
712,0
709,0
709,0
706,0
702,0
697,0
691,0
688,0
685,0
680,0
677,0
674,0
671,0
663,0
655,0
652,0
646,0
640,0
638,0
631,0
626,0
619,0
613,0
606,0
604,0
602,0
596,0
588,0
583,0
574,0
569,0
564,0
560,0
554,0
546,0
543,0
536,0
534,0
528,0
525,0
522,0
522,0
515,0
515,0
513,0
510,0
504,0
501,0
500,0
497,0
492,0
492,0
490,0
489,0
487,0
484,0
484,0
484,0
480,0
479,0
479,0
478,0
476,0
474,0
474,0
474,0
473,0
473,0
472,0
472,0
472,0
471,0
471,0
470,0
470,0
469,0
468,0
468,0
468,0
468,0
468,0
467,0
467,0
467,0
466,0
466,0
466,0
466,0
466,0
466,0
466,0
466,0
466,0
466,0
466,0
466,0
466,0
466,0
466,0
466,0
466,0
466,0
466,0
466,0
465,0
465,0
465,0
465,0
465,0
465,0
465,0
465,0
465,0
465,0
465,0
465,0
465,0
465,0
465,0
465,0
465,0
465,0
465,0
465,0
465,0
465,0
465,0
465,0
465,0
465,0
465,0
465,0
465,0
465,0
465,0
465,0
465,0
465,0
465,0
465,0
465,0
465,0
465,0
465,0
465,0
465,0
465,0
465,0
465,0
465,0
465,0
465,0
465,0
465,0
465,0
465,0
465,0
465,0
465,0
465,0
465,0
465,0
465,0
465,0
465,0
465,0
465,0
465,0
465,0
465,0
465,0
465,0
465,0
465,0
465,0
465,0
465,0
465,0
465,0
465,0
465,0
465,0
465,0
465,0
465,0
465,0
465,0
465,0
465,0
465,0
465,0
465,0
465,0
465,0
465,0
465,0
465,0
465,0
465,0
465,0
465,0
465,0
465,0
465,0
465,0
465,0
465,0
465,0
465,0
465,0
465,0
465,0
465,0
465,0
465,0
465,0
465,0
465,0
465,0
465,0
465,0
465,0
465,0
465,0
465,0
465,0
465,0
465,0
465,0
465,0
465,0
465,0
465,0
465,0
465,0
465,0
465,0
465,0
465,0
465,0
465,0
465,0
465,0
465,0
465,0
465,0
465,0
465,0
465,0
465,0
465,0
465,0
465,0
465,0
465,0
465,0
465,0
465,0
465,0
465,0
465,0
465,0
465,0
465,0
465,0
465,0
465,0
465,0
465,0
465,0
465,0
465,0
465,0
465,0
465,0
465,0
465,0
465,0
465,0
465,0
465,0
465,0
465,0
465,0
465,0
465,0
465,0
465,0
465,0
465,0
465,0
465,0
465,0
465,0
465,0
465,0
465,0
465,0
465,0
465,0
465,0
507,0
529,0
541,0
555,0
563,0
575,0
584,0
595,0
599,0
607,0
615,0
620,0
624,0
627,0
630,0
632,0
638,0
641,0
641,0
645,0
647,0
654,0
657,0
658,0
661,0
660,0
664,0
667,0
669,0
668,0
669,0
671,0
672,0
674,0
672,0
676,0
676,0
680,0
677,0
677,0
680,0
680,0
685,0
686,0
691,0
689,0
691,0
692,0
694,0
699,0
701,0
702,0
702,0
704,0
703,0
705,0
703,0
707,0
711,0
716,0
718,0
718,0
716,0
713,0
711,0
704,0
704,0
703,0
699,0
697,0
696,0
692,0
692,0
688,0
682,0
679,0
676,0
670,0
663,0
657,0
653,0
644,0
640,0
634,0
632,0
623,0
616,0
611,0
608,0
603,0
599,0
593,0
586,0
579,0
575,0
568,0
560,0
556,0
552,0
548,0
543,0
537,0
529,0
523,0
521,0
518,0
516,0
508,0
507,0
505,0
501,0
497,0
497,0
495,0
493,0
493,0
493,0
492,0
491,0
488,0
486,0
486,0
486,0
485,0
485,0
484,0
482,0
482,0
480,0
480,0
478,0
478,0
478,0
477,0
477,0
476,0
475,0
474,0
473,0
473,0
473,0
473,0
473,0
472,0
472,0
472,0
471,0
470,0
470,0
470,0
470,0
470,0
470,0
470,0
469,0
469,0
469,0
469,0
469,0
469,0
469,0
469,0
468,0
468,0
468,0
468,0
468,0
468,0
468,0
468,0
468,0
468,0
468,0
468,0
468,0
468,0
468,0
468,0
468,0
468,0
468,0
468,0
468,0
468,0
468,0
468,0
468,0
468,0
468,0
468,0
468,0
468,0
468,0
468,0
468,0
468,0
468,0
468,0
468,0
468,0
468,0
468,0
468,0
468,0
468,0
468,0
468,0
468,0
468,0
468,0
468,0
468,0
468,0
468,0
468,0
468,0
468,0
468,0
468,0
468,0
468,0
468,0
468,0
468,0
468,0
468,0
468,0
468,0
468,0
468,0
468,0
468,0
468,0
468,0
468,0
468,0
468,0
468,0
468,0
468,0
468,0
468,0
468,0
468,0
468,0
468,0
468,0
468,0
468,0
468,0
468,0
468,0
468,0
468,0
468,0
468,0
468,0
468,0
468,0
468,0
468,0
468,0
468,0
468,0
468,0
468,0
468,0
468,0
468,0
468,0
468,0
468,0
468,0
468,0
468,0
468,0
468,0
468,0
468,0
468,0
468,0
468,0
468,0
468,0
468,0
468,0
468,0
468,0
468,0
468,0
468,0
468,0
468,0
468,0
468,0
468,0
468,0
468,0
468,0
468,0
468,0
468,0
468,0
468,0
468,0
468,0
468,0
468,0
468,0
468,0
468,0
468,0
468,0
468,0
468,0
468,0
468,0
468,0
468,0
468,0
468,0
468,0
468,0
468,0
468,0
468,0
468,0
468,0
468,0
468,0
468,0
468,0
468,0
468,0
468,0
468,0
468,0
468,0
468,0
468,0
468,0
468,0
468,0
468,0
468,0
468,0
468,0
468,0
468,0
468,0
468,0
468,0
468,0
468,0
468,0
468,0
468,0
468,0
468,0
468,0
468,0
468,0
468,0
468,0
468,0
508,0
525,0
538,0
563,0
582,0
591,0
602,0
614,0
623,0
626,0
627,0
632,0
632,0
636,0
642,0
647,0
653,0
654,0
662,0
663,0
667,0
665,0
669,0
670,0
671,0
670,0
670,0
669,0
670,0
669,0
672,0
671,0
671,0
672,0
676,0
676,0
681,0
684,0
684,0
688,0
689,0
687,0
691,0
690,0
689,0
689,0
689,0
692,0
694,0
694,0
701,0
702,0
699,0
700,0
703,0
702,0
701,0
704,0
709,0
714,0
714,0
716,0
716,0
713,0
713,0
711,0
708,0
704,0
699,0
695,0
695,0
691,0
688,0
683,0
679,0
672,0
668,0
663,0
659,0
656,0
651,0
645,0
639,0
632,0
625,0
622,0
615,0
608,0
603,0
597,0
589,0
585,0
581,0
575,0
568,0
564,0
557,0
553,0
549,0
544,0
537,0
535,0
532,0
529,0
525,0
522,0
518,0
517,0
515,0
512,0
510,0
505,0
501,0
495,0
493,0
490,0
488,0
485,0
483,0
483,0
482,0
480,0
479,0
478,0
477,0
475,0
472,0
471,0
471,0
471,0
471,0
471,0
470,0
469,0
468,0
467,0
467,0
466,0
466,0
465,0
465,0
465,0
465,0
465,0
465,0
465,0
465,0
465,0
464,0
464,0
464,0
463,0
463,0
463,0
463,0
463,0
463,0
463,0
463,0
463,0
463,0
463,0
463,0
463,0
463,0
463,0
463,0
463,0
463,0
463,0
463,0
463,0
463,0
463,0
463,0
463,0
463,0
463,0
463,0
463,0
463,0
463,0
463,0
463,0
463,0
463,0
463,0
463,0
463,0
463,0
463,0
463,0
463,0
463,0
463,0
463,0
463,0
463,0
463,0
463,0
463,0
463,0
463,0
463,0
463,0
463,0
463,0
463,0
463,0
463,0
463,0
463,0
463,0
463,0
463,0
463,0
463,0
463,0
463,0
463,0
463,0
463,0
463,0
463,0
463,0
463,0
463,0
463,0
463,0
463,0
463,0
463,0
463,0
463,0
463,0
463,0
463,0
463,0
463,0
463,0
463,0
463,0
463,0
463,0
463,0
463,0
463,0
463,0
463,0
463,0
463,0
463,0
463,0
463,0
463,0
463,0
463,0
463,0
463,0
463,0
463,0
463,0
463,0
463,0
463,0
463,0
463,0
463,0
463,0
463,0
463,0
463,0
463,0
463,0
463,0
463,0
463,0
463,0
463,0
463,0
463,0
463,0
463,0
463,0
463,0
463,0
463,0
463,0
463,0
463,0
463,0
463,0
463,0
463,0
463,0
463,0
463,0
463,0
463,0
463,0
463,0
463,0
463,0
463,0
463,0
463,0
463,0
463,0
463,0
463,0
463,0
463,0
463,0
463,0
463,0
463,0
463,0
463,0
463,0
463,0
463,0
463,0
463,0
463,0
463,0
463,0
463,0
463,0
463,0
463,0
463,0
463,0
463,0
463,0
463,0
463,0
463,0
463,0
463,0
463,0
463,0
463,0
463,0
463,0
463,0
463,0
463,0
463,0
463,0
463,0
463,0
463,0
463,0
463,0
463,0
463,0
463,0
463,0
463,0
463,0
463,0
463,0
463,0
463,0
463,0
507,0
535,0
554,0
565,0
576,0
583,0
590,0
596,0
605,0
613,0
616,0
623,0
632,0
634,0
632,0
639,0
642,0
646,0
649,0
645,0
643,0
646,0
647,0
648,0
648,0
649,0
649,0
652,0
654,0
655,0
657,0
657,0
655,0
655,0
659,0
661,0
665,0
665,0
668,0
670,0
670,0
674,0
678,0
680,0
679,0
680,0
685,0
689,0
693,0
690,0
691,0
694,0
695,0
698,0
703,0
702,0
702,0
704,0
705,0
709,0
709,0
707,0
706,0
705,0
706,0
705,0
703,0
700,0
699,0
695,0
687,0
685,0
680,0
678,0
675,0
669,0
664,0
661,0
656,0
649,0
639,0
635,0
628,0
625,0
621,0
614,0
609,0
604,0
599,0
593,0
584,0
576,0
573,0
569,0
561,0
556,0
548,0
547,0
540,0
536,0
530,0
528,0
522,0
518,0
515,0
512,0
506,0
505,0
504,0
500,0
497,0
494,0
494,0
492,0
487,0
487,0
484,0
484,0
483,0
482,0
481,0
481,0
480,0
479,0
479,0
479,0
479,0
478,0
476,0
475,0
474,0
474,0
474,0
472,0
472,0
471,0
471,0
471,0
471,0
471,0
471,0
470,0
470,0
469,0
469,0
468,0
468,0
468,0
468,0
468,0
468,0
468,0
468,0
468,0
468,0
468,0
468,0
468,0
468,0
468,0
468,0
468,0
468,0
468,0
468,0
468,0
468,0
468,0
468,0
468,0
468,0
467,0
467,0
467,0
467,0
467,0
467,0
467,0
467,0
467,0
467,0
467,0
467,0
467,0
467,0
466,0
466,0
466,0
466,0
466,0
466,0
466,0
466,0
466,0
466,0
466,0
466,0
466,0
466,0
466,0
466,0
466,0
466,0
466,0
466,0
466,0
466,0
466,0
466,0
466,0
466,0
466,0
466,0
466,0
466,0
466,0
466,0
466,0
466,0
466,0
466,0
466,0
466,0
466,0
466,0
466,0
466,0
466,0
466,0
466,0
466,0
466,0
466,0
466,0
466,0
466,0
466,0
466,0
466,0
466,0
466,0
466,0
466,0
466,0
466,0
466,0
466,0
466,0
466,0
466,0
466,0
466,0
466,0
466,0
466,0
466,0
466,0
466,0
466,0
466,0
466,0
466,0
466,0
466,0
466,0
466,0
466,0
466,0
466,0
466,0
466,0
466,0
466,0
466,0
466,0
466,0
466,0
466,0
466,0
466,0
466,0
466,0
466,0
466,0
466,0
466,0
466,0
466,0
466,0
466,0
466,0
466,0
466,0
466,0
466,0
466,0
466,0
466,0
466,0
466,0
466,0
466,0
466,0
466,0
466,0
466,0
466,0
466,0
466,0
466,0
466,0
466,0
466,0
466,0
466,0
466,0
466,0
466,0
466,0
466,0
466,0
466,0
466,0
466,0
466,0
466,0
466,0
466,0
466,0
466,0
466,0
466,0
466,0
466,0
466,0
466,0
466,0
466,0
466,0
466,0
466,0
466,0
466,0
466,0
466,0
466,0
466,0
466,0
466,0
466,0
466,0
466,0
466,0
466,0
466,0
466,0
466,0
466,0
466,0
466,0
466,0
466,0
466,0
466,0
466,0
505,0
535,0
546,0
568,0
576,0
584,0
593,0
601,0
606,0
614,0
618,0
624,0
630,0
634,0
638,0
640,0
646,0
651,0
653,0
658,0
661,0
666,0
668,0
672,0
678,0
680,0
682,0
681,0
684,0
685,0
686,0
689,0
694,0
694,0
695,0
696,0
698,0
702,0
700,0
699,0
698,0
697,0
702,0
703,0
702,0
702,0
700,0
696,0
698,0
701,0
705,0
710,0
711,0
712,0
713,0
714,0
716,0
718,0
718,0
719,0
717,0
717,0
719,0
719,0
721,0
718,0
714,0
712,0
707,0
704,0
702,0
700,0
695,0
691,0
686,0
680,0
676,0
668,0
660,0
655,0
648,0
645,0
638,0
628,0
623,0
615,0
608,0
603,0
593,0
584,0
577,0
570,0
564,0
556,0
552,0
548,0
546,0
543,0
540,0
534,0
530,0
525,0
522,0
519,0
518,0
518,0
513,0
511,0
510,0
510,0
506,0
503,0
499,0
496,0
495,0
490,0
486,0
485,0
483,0
480,0
479,0
478,0
476,0
474,0
474,0
473,0
471,0
469,0
469,0
469,0
469,0
468,0
467,0
467,0
467,0
467,0
467,0
467,0
467,0
467,0
467,0
466,0
466,0
465,0
464,0
463,0
463,0
462,0
462,0
462,0
462,0
462,0
462,0
462,0
462,0
462,0
461,0
461,0
461,0
460,0
460,0
460,0
460,0
460,0
460,0
460,0
460,0
460,0
460,0
460,0
460,0
460,0
460,0
460,0
460,0
460,0
460,0
459,0
459,0
459,0
459,0
459,0
459,0
459,0
459,0
459,0
459,0
459,0
459,0
459,0
459,0
459,0
459,0
459,0
459,0
459,0
459,0
459,0
459,0
459,0
459,0
459,0
459,0
459,0
459,0
459,0
459,0
459,0
459,0
459,0
459,0
459,0
459,0
459,0
459,0
459,0
459,0
459,0
459,0
459,0
459,0
459,0
459,0
459,0
459,0
459,0
459,0
459,0
459,0
459,0
459,0
459,0
459,0
459,0
459,0
459,0
459,0
459,0
459,0
459,0
459,0
459,0
459,0
459,0
459,0
459,0
459,0
459,0
459,0
459,0
459,0
459,0
459,0
459,0
459,0
459,0
459,0
459,0
459,0
459,0
459,0
459,0
459,0
459,0
459,0
459,0
459,0
459,0
459,0
459,0
459,0
459,0
459,0
459,0
459,0
459,0
459,0
459,0
459,0
459,0
459,0
459,0
459,0
459,0
459,0
459,0
459,0
459,0
459,0
459,0
459,0
459,0
459,0
459,0
459,0
459,0
459,0
459,0
459,0
459,0
459,0
459,0
459,0
459,0
459,0
459,0
459,0
459,0
459,0
459,0
459,0
459,0
459,0
459,0
459,0
459,0
459,0
459,0
459,0
459,0
459,0
459,0
459,0
459,0
459,0
459,0
459,0
459,0
459,0
459,0
459,0
459,0
459,0
459,0
459,0
459,0
459,0
459,0
459,0
459,0
459,0
459,0
459,0
459,0
459,0
459,0
459,0
459,0
459,0
459,0
459,0
459,0
459,0
459,0
459,0
459,0
459,0
459,0
459,0
459,0
459,0
459,0
459,0
459,0
459,0
508,0
536,0
541,0
556,0
563,0
576,0
581,0
596,0
608,0
610,0
617,0
620,0
620,0
624,0
623,0
631,0
634,0
639,0
643,0
645,0
649,0
649,0
650,0
651,0
651,0
656,0
659,0
660,0
661,0
659,0
664,0
665,0
665,0
666,0
668,0
668,0
673,0
671,0
675,0
675,0
675,0
676,0
673,0
669,0
669,0
669,0
668,0
672,0
672,0
670,0
672,0
673,0
676,0
680,0
685,0
682,0
684,0
685,0
687,0
689,0
693,0
695,0
690,0
691,0
687,0
685,0
682,0
682,0
681,0
682,0
676,0
673,0
666,0
662,0
658,0
655,0
651,0
645,0
640,0
639,0
633,0
627,0
621,0
613,0
607,0
604,0
599,0
596,0
592,0
586,0
578,0
575,0
566,0
561,0
555,0
552,0
546,0
542,0
539,0
536,0
536,0
532,0
528,0
525,0
522,0
518,0
514,0
512,0
509,0
508,0
505,0
501,0
500,0
499,0
499,0
497,0
495,0
493,0
491,0
489,0
487,0
485,0
484,0
483,0
481,0
480,0
479,0
478,0
477,0
476,0
476,0
475,0
474,0
473,0
473,0
473,0
471,0
469,0
469,0
468,0
467,0
466,0
466,0
466,0
465,0
464,0
464,0
464,0
464,0
464,0
464,0
463,0
463,0
463,0
463,0
463,0
463,0
462,0
462,0
462,0
462,0
462,0
462,0
462,0
462,0
461,0
461,0
461,0
461,0
461,0
461,0
461,0
461,0
461,0
461,0
461,0
461,0
461,0
461,0
461,0
461,0
461,0
461,0
461,0
461,0
461,0
461,0
461,0
461,0
461,0
461,0
461,0
461,0
461,0
461,0
461,0
461,0
461,0
461,0
461,0
461,0
461,0
461,0
461,0
461,0
461,0
461,0
461,0
461,0
461,0
461,0
461,0
461,0
461,0
461,0
461,0
461,0
461,0
461,0
461,0
461,0
461,0
461,0
461,0
461,0
461,0
461,0
461,0
461,0
461,0
461,0
461,0
461,0
461,0
461,0
461,0
461,0
461,0
461,0
461,0
461,0
461,0
461,0
461,0
461,0
461,0
461,0
461,0
461,0
461,0
461,0
461,0
461,0
461,0
461,0
461,0
461,0
461,0
461,0
461,0
461,0
461,0
461,0
461,0
461,0
461,0
461,0
461,0
461,0
461,0
461,0
461,0
461,0
461,0
461,0
461,0
461,0
461,0
461,0
461,0
461,0
461,0
461,0
461,0
461,0
461,0
461,0
461,0
461,0
461,0
461,0
461,0
461,0
461,0
461,0
461,0
461,0
461,0
461,0
461,0
461,0
461,0
461,0
461,0
461,0
461,0
461,0
461,0
461,0
461,0
461,0
461,0
461,0
461,0
461,0
461,0
461,0
461,0
461,0
461,0
461,0
461,0
461,0
461,0
461,0
461,0
461,0
461,0
461,0
461,0
461,0
461,0
461,0
461,0
461,0
461,0
461,0
461,0
461,0
461,0
461,0
461,0
461,0
461,0
461,0
461,0
461,0
461,0
461,0
461,0
461,0
461,0
461,0
461,0
461,0
461,0
461,0
461,0
461,0
461,0
461,0
461,0
461,0
461,0
461,0
507,0
526,0
539,0
554,0
569,0
585,0
597,0
601,0
610,0
615,0
625,0
641,0
654,0
663,0
662,0
667,0
674,0
673,0
672,0
668,0
670,0
669,0
669,0
667,0
668,0
672,0
676,0
679,0
684,0
682,0
683,0
684,0
688,0
688,0
688,0
692,0
696,0
696,0
695,0
695,0
697,0
698,0
701,0
699,0
700,0
705,0
710,0
711,0
715,0
718,0
719,0
720,0
723,0
723,0
725,0
724,0
723,0
727,0
729,0
731,0
731,0
733,0
733,0
733,0
732,0
731,0
730,0
726,0
724,0
721,0
716,0
713,0
711,0
706,0
700,0
696,0
694,0
691,0
686,0
682,0
678,0
675,0
670,0
661,0
656,0
650,0
645,0
638,0
634,0
630,0
625,0
618,0
612,0
607,0
595,0
591,0
586,0
579,0
578,0
572,0
564,0
562,0
559,0
556,0
551,0
548,0
544,0
540,0
535,0
533,0
529,0
526,0
526,0
522,0
520,0
518,0
516,0
513,0
511,0
508,0
505,0
504,0
503,0
501,0
500,0
499,0
498,0
496,0
495,0
495,0
494,0
494,0
494,0
493,0
493,0
493,0
493,0
492,0
491,0
491,0
490,0
489,0
488,0
488,0
488,0
488,0
487,0
487,0
487,0
487,0
487,0
487,0
487,0
487,0
486,0
486,0
485,0
485,0
485,0
485,0
485,0
485,0
485,0
485,0
485,0
485,0
485,0
485,0
485,0
485,0
485,0
485,0
485,0
485,0
485,0
485,0
485,0
485,0
485,0
485,0
485,0
485,0
485,0
485,0
485,0
485,0
485,0
485,0
485,0
485,0
485,0
485,0
485,0
485,0
485,0
485,0
485,0
485,0
485,0
485,0
485,0
485,0
485,0
485,0
485,0
485,0
485,0
485,0
485,0
485,0
485,0
485,0
485,0
485,0
485,0
485,0
485,0
485,0
485,0
485,0
485,0
485,0
485,0
485,0
485,0
485,0
485,0
485,0
485,0
485,0
485,0
485,0
485,0
485,0
485,0
485,0
485,0
485,0
485,0
485,0
485,0
485,0
485,0
485,0
485,0
485,0
485,0
485,0
485,0
485,0
485,0
485,0
485,0
485,0
485,0
485,0
485,0
485,0
485,0
485,0
485,0
485,0
485,0
485,0
485,0
485,0
485,0
485,0
485,0
485,0
485,0
485,0
485,0
485,0
485,0
485,0
485,0
485,0
485,0
485,0
485,0
485,0
485,0
485,0
485,0
485,0
485,0
485,0
485,0
485,0
485,0
485,0
485,0
485,0
485,0
485,0
485,0
485,0
485,0
485,0
485,0
485,0
485,0
485,0
485,0
485,0
485,0
485,0
485,0
485,0
485,0
485,0
485,0
485,0
485,0
485,0
485,0
485,0
485,0
485,0
485,0
485,0
485,0
485,0
485,0
485,0
485,0
485,0
485,0
485,0
485,0
485,0
485,0
485,0
485,0
485,0
485,0
485,0
485,0
485,0
485,0
485,0
485,0
485,0
485,0
485,0
485,0
485,0
485,0
485,0
485,0
485,0
485,0
485,0
485,0
485,0
485,0
485,0
485,0
485,0
485,0
485,0
485,0
485,0
485,0
535,0
565,0
580,0
587,0
599,0
600,0
610,0
615,0
623,0
628,0
639,0
645,0
654,0
658,0
657,0
661,0
666,0
675,0
675,0
683,0
683,0
683,0
683,0
683,0
681,0
683,0
689,0
689,0
686,0
682,0
681,0
685,0
686,0
688,0
690,0
687,0
686,0
690,0
692,0
694,0
698,0
697,0
695,0
696,0
697,0
701,0
705,0
710,0
708,0
708,0
710,0
711,0
713,0
714,0
718,0
721,0
727,0
723,0
729,0
729,0
728,0
725,0
727,0
725,0
723,0
722,0
721,0
721,0
718,0
712,0
709,0
704,0
699,0
697,0
694,0
687,0
679,0
676,0
673,0
664,0
660,0
650,0
644,0
644,0
634,0
630,0
625,0
619,0
611,0
602,0
598,0
593,0
590,0
585,0
578,0
577,0
573,0
568,0
563,0
559,0
556,0
553,0
550,0
547,0
544,0
542,0
536,0
534,0
529,0
527,0
524,0
522,0
520,0
518,0
512,0
512,0
511,0
509,0
506,0
505,0
504,0
502,0
501,0
500,0
498,0
495,0
495,0
495,0
495,0
493,0
490,0
490,0
490,0
489,0
489,0
489,0
488,0
487,0
487,0
487,0
487,0
486,0
485,0
485,0
485,0
485,0
485,0
484,0
484,0
483,0
483,0
483,0
483,0
483,0
482,0
482,0
482,0
482,0
482,0
482,0
482,0
482,0
482,0
482,0
482,0
482,0
482,0
482,0
482,0
482,0
482,0
482,0
482,0
482,0
482,0
482,0
482,0
482,0
482,0
482,0
482,0
482,0
482,0
482,0
482,0
482,0
482,0
482,0
482,0
482,0
482,0
482,0
482,0
482,0
482,0
482,0
482,0
482,0
482,0
482,0
482,0
482,0
482,0
482,0
482,0
482,0
482,0
482,0
482,0
482,0
482,0
482,0
482,0
482,0
482,0
482,0
482,0
482,0
482,0
482,0
482,0
482,0
482,0
482,0
482,0
482,0
482,0
482,0
482,0
482,0
482,0
482,0
482,0
482,0
482,0
482,0
482,0
482,0
482,0
482,0
482,0
482,0
482,0
482,0
482,0
482,0
482,0
482,0
482,0
482,0
482,0
482,0
482,0
482,0
482,0
482,0
482,0
482,0
482,0
482,0
482,0
482,0
482,0
482,0
482,0
482,0
482,0
482,0
482,0
482,0
482,0
482,0
482,0
482,0
482,0
482,0
482,0
482,0
482,0
482,0
482,0
482,0
482,0
482,0
482,0
482,0
482,0
482,0
482,0
482,0
482,0
482,0
482,0
482,0
482,0
482,0
482,0
482,0
482,0
482,0
482,0
482,0
482,0
482,0
482,0
482,0
482,0
482,0
482,0
482,0
482,0
482,0
482,0
482,0
482,0
482,0
482,0
482,0
482,0
482,0
482,0
482,0
482,0
482,0
482,0
482,0
482,0
482,0
482,0
482,0
482,0
482,0
482,0
482,0
482,0
482,0
482,0
482,0
482,0
482,0
482,0
482,0
482,0
482,0
482,0
482,0
482,0
482,0
482,0
482,0
482,0
482,0
482,0
482,0
482,0
482,0
482,0
482,0
482,0
482,0
482,0
482,0
482,0
482,0
482,0
529,0
562,0
586,0
597,0
610,0
617,0
626,0
633,0
643,0
650,0
655,0
655,0
659,0
665,0
666,0
675,0
682,0
687,0
683,0
683,0
683,0
683,0
686,0
684,0
681,0
681,0
679,0
681,0
678,0
675,0
675,0
670,0
672,0
677,0
679,0
682,0
681,0
682,0
679,0
682,0
683,0
689,0
691,0
693,0
691,0
693,0
692,0
692,0
692,0
694,0
694,0
694,0
698,0
699,0
701,0
704,0
707,0
709,0
710,0
709,0
713,0
711,0
710,0
710,0
708,0
706,0
704,0
697,0
696,0
693,0
689,0
685,0
681,0
678,0
672,0
668,0
661,0
656,0
652,0
648,0
638,0
635,0
627,0
623,0
616,0
609,0
606,0
599,0
596,0
590,0
586,0
580,0
575,0
569,0
561,0
556,0
553,0
549,0
548,0
545,0
541,0
538,0
535,0
529,0
525,0
522,0
517,0
515,0
511,0
504,0
504,0
500,0
498,0
493,0
489,0
484,0
482,0
476,0
476,0
474,0
473,0
470,0
469,0
467,0
465,0
462,0
461,0
460,0
459,0
457,0
457,0
457,0
455,0
455,0
454,0
454,0
454,0
454,0
453,0
453,0
453,0
453,0
453,0
453,0
452,0
452,0
452,0
452,0
451,0
451,0
451,0
451,0
451,0
451,0
451,0
451,0
451,0
451,0
451,0
451,0
451,0
451,0
451,0
451,0
451,0
451,0
451,0
451,0
451,0
451,0
451,0
451,0
451,0
451,0
451,0
451,0
451,0
451,0
451,0
451,0
451,0
451,0
451,0
451,0
451,0
451,0
451,0
451,0
451,0
451,0
451,0
451,0
451,0
451,0
451,0
451,0
451,0
451,0
451,0
451,0
451,0
451,0
451,0
451,0
451,0
451,0
451,0
451,0
451,0
451,0
451,0
451,0
451,0
451,0
451,0
451,0
451,0
451,0
451,0
451,0
451,0
451,0
451,0
451,0
451,0
451,0
451,0
451,0
451,0
451,0
451,0
451,0
451,0
451,0
451,0
451,0
451,0
451,0
451,0
451,0
451,0
451,0
451,0
451,0
451,0
451,0
451,0
451,0
451,0
451,0
451,0
451,0
451,0
451,0
451,0
451,0
451,0
451,0
451,0
451,0
451,0
451,0
451,0
451,0
451,0
451,0
451,0
451,0
451,0
451,0
451,0
451,0
451,0
451,0
451,0
451,0
451,0
451,0
451,0
451,0
451,0
451,0
451,0
451,0
451,0
451,0
451,0
451,0
451,0
451,0
451,0
451,0
451,0
451,0
451,0
451,0
451,0
451,0
451,0
451,0
451,0
451,0
451,0
451,0
451,0
451,0
451,0
451,0
451,0
451,0
451,0
451,0
451,0
451,0
451,0
451,0
451,0
451,0
451,0
451,0
451,0
451,0
451,0
451,0
451,0
451,0
451,0
451,0
451,0
451,0
451,0
451,0
451,0
451,0
451,0
451,0
451,0
451,0
451,0
451,0
451,0
451,0
451,0
451,0
451,0
451,0
451,0
451,0
451,0
451,0
451,0
451,0
451,0
451,0
451,0
451,0
451,0
451,0
451,0
451,0
451,0
451,0
451,0
451,0
451,0
492,0
509,0
510,0
527,0
540,0
543,0
556,0
566,0
572,0
584,0
594,0
605,0
611,0
613,0
621,0
626,0
626,0
631,0
635,0
638,0
644,0
652,0
653,0
654,0
660,0
662,0
660,0
661,0
662,0
666,0
665,0
668,0
671,0
673,0
678,0
676,0
671,0
677,0
677,0
679,0
681,0
680,0
680,0
682,0
681,0
685,0
689,0
695,0
700,0
700,0
700,0
703,0
703,0
703,0
704,0
706,0
707,0
710,0
713,0
715,0
719,0
717,0
714,0
710,0
709,0
704,0
704,0
702,0
700,0
698,0
693,0
689,0
686,0
686,0
682,0
676,0
667,0
661,0
657,0
655,0
650,0
646,0
641,0
636,0
631,0
627,0
622,0
619,0
614,0
609,0
605,0
598,0
593,0
587,0
582,0
577,0
571,0
565,0
563,0
557,0
554,0
548,0
545,0
540,0
537,0
531,0
527,0
524,0
517,0
514,0
513,0
509,0
509,0
508,0
507,0
506,0
504,0
503,0
500,0
498,0
498,0
494,0
494,0
494,0
492,0
490,0
489,0
489,0
488,0
487,0
486,0
484,0
484,0
483,0
482,0
482,0
482,0
482,0
482,0
481,0
481,0
480,0
480,0
479,0
479,0
479,0
479,0
479,0
479,0
479,0
478,0
478,0
478,0
478,0
478,0
478,0
478,0
478,0
478,0
478,0
478,0
478,0
478,0
478,0
478,0
478,0
478,0
478,0
478,0
478,0
478,0
478,0
478,0
478,0
478,0
478,0
478,0
478,0
478,0
478,0
478,0
478,0
478,0
478,0
478,0
478,0
478,0
478,0
478,0
478,0
478,0
478,0
478,0
478,0
478,0
478,0
478,0
478,0
478,0
478,0
478,0
478,0
478,0
478,0
478,0
478,0
478,0
478,0
478,0
478,0
478,0
478,0
478,0
478,0
478,0
478,0
478,0
478,0
478,0
478,0
478,0
478,0
478,0
478,0
478,0
478,0
478,0
478,0
478,0
478,0
478,0
478,0
478,0
478,0
478,0
478,0
478,0
478,0
478,0
478,0
478,0
478,0
478,0
478,0
478,0
478,0
478,0
478,0
478,0
478,0
478,0
478,0
478,0
478,0
478,0
478,0
478,0
478,0
478,0
478,0
478,0
478,0
478,0
478,0
478,0
478,0
478,0
478,0
478,0
478,0
478,0
478,0
478,0
478,0
478,0
478,0
478,0
478,0
478,0
478,0
478,0
478,0
478,0
478,0
478,0
478,0
478,0
478,0
478,0
478,0
478,0
478,0
478,0
478,0
478,0
478,0
478,0
478,0
478,0
478,0
478,0
478,0
478,0
478,0
478,0
478,0
478,0
478,0
478,0
478,0
478,0
478,0
478,0
478,0
478,0
478,0
478,0
478,0
478,0
478,0
478,0
478,0
478,0
478,0
478,0
478,0
478,0
478,0
478,0
478,0
478,0
478,0
478,0
478,0
478,0
478,0
478,0
478,0
478,0
478,0
478,0
478,0
478,0
478,0
478,0
478,0
478,0
478,0
478,0
478,0
478,0
478,0
478,0
478,0
478,0
478,0
478,0
478,0
478,0
478,0
478,0
478,0
478,0
478,0
478,0
530,0
552,0
561,0
581,0
585,0
594,0
599,0
609,0
618,0
625,0
631,0
632,0
638,0
639,0
643,0
644,0
655,0
653,0
654,0
653,0
658,0
660,0
662,0
663,0
665,0
667,0
672,0
672,0
673,0
673,0
677,0
681,0
680,0
677,0
681,0
682,0
681,0
681,0
682,0
680,0
679,0
680,0
683,0
681,0
682,0
682,0
681,0
682,0
683,0
680,0
684,0
684,0
686,0
686,0
688,0
691,0
695,0
698,0
700,0
705,0
702,0
703,0
703,0
700,0
696,0
693,0
692,0
692,0
692,0
690,0
685,0
678,0
672,0
667,0
663,0
663,0
657,0
653,0
651,0
647,0
640,0
634,0
629,0
624,0
612,0
604,0
599,0
589,0
585,0
577,0
572,0
565,0
558,0
554,0
548,0
544,0
535,0
530,0
527,0
520,0
518,0
512,0
508,0
506,0
502,0
499,0
493,0
490,0
487,0
482,0
478,0
477,0
474,0
473,0
471,0
469,0
465,0
464,0
464,0
461,0
458,0
455,0
452,0
451,0
450,0
450,0
450,0
449,0
448,0
448,0
447,0
447,0
446,0
445,0
444,0
444,0
444,0
444,0
444,0
444,0
443,0
443,0
442,0
442,0
442,0
441,0
441,0
441,0
441,0
440,0
440,0
440,0
440,0
440,0
440,0
440,0
440,0
440,0
440,0
440,0
440,0
440,0
440,0
440,0
440,0
440,0
440,0
440,0
440,0
440,0
440,0
440,0
440,0
440,0
440,0
440,0
440,0
440,0
440,0
440,0
440,0
440,0
440,0
440,0
440,0
440,0
440,0
440,0
440,0
440,0
440,0
440,0
440,0
440,0
440,0
440,0
440,0
440,0
440,0
440,0
440,0
440,0
440,0
440,0
440,0
440,0
440,0
440,0
440,0
440,0
440,0
440,0
440,0
440,0
440,0
440,0
440,0
440,0
440,0
440,0
440,0
440,0
440,0
440,0
440,0
440,0
440,0
440,0
440,0
440,0
440,0
440,0
440,0
440,0
440,0
440,0
440,0
440,0
440,0
440,0
440,0
440,0
440,0
440,0
440,0
440,0
440,0
440,0
440,0
440,0
440,0
440,0
440,0
440,0
440,0
440,0
440,0
440,0
440,0
440,0
440,0
440,0
440,0
440,0
440,0
440,0
440,0
440,0
440,0
440,0
440,0
440,0
440,0
440,0
440,0
440,0
440,0
440,0
440,0
440,0
440,0
440,0
440,0
440,0
440,0
440,0
440,0
440,0
440,0
440,0
440,0
440,0
440,0
440,0
440,0
440,0
440,0
440,0
440,0
440,0
440,0
440,0
440,0
440,0
440,0
440,0
440,0
440,0
440,0
440,0
440,0
440,0
440,0
440,0
440,0
440,0
440,0
440,0
440,0
440,0
440,0
440,0
440,0
440,0
440,0
440,0
440,0
440,0
440,0
440,0
440,0
440,0
440,0
440,0
440,0
440,0
440,0
440,0
440,0
440,0
440,0
440,0
440,0
440,0
440,0
440,0
440,0
440,0
440,0
440,0
440,0
440,0
440,0
440,0
440,0
440,0
440,0
440,0
440,0
440,0
440,0
440,0
440,0
440,0
440,0
486,0
508,0
518,0
531,0
548,0
553,0
563,0
573,0
585,0
594,0
600,0
611,0
615,0
619,0
626,0
635,0
633,0
635,0
640,0
644,0
647,0
648,0
646,0
648,0
649,0
650,0
650,0
655,0
653,0
652,0
652,0
654,0
656,0
659,0
659,0
661,0
661,0
665,0
662,0
663,0
663,0
663,0
664,0
669,0
670,0
670,0
672,0
669,0
670,0
669,0
670,0
668,0
674,0
674,0
675,0
677,0
682,0
683,0
684,0
687,0
686,0
688,0
686,0
687,0
686,0
683,0
683,0
685,0
684,0
681,0
676,0
673,0
670,0
669,0
666,0
661,0
658,0
652,0
649,0
644,0
639,0
630,0
627,0
622,0
616,0
612,0
607,0
601,0
594,0
587,0
579,0
575,0
573,0
568,0
563,0
560,0
559,0
554,0
552,0
548,0
545,0
539,0
534,0
529,0
527,0
523,0
519,0
516,0
513,0
511,0
508,0
505,0
501,0
497,0
496,0
494,0
493,0
489,0
486,0
484,0
483,0
480,0
478,0
477,0
475,0
472,0
471,0
469,0
469,0
468,0
467,0
464,0
463,0
463,0
463,0
462,0
461,0
461,0
461,0
461,0
460,0
460,0
460,0
460,0
459,0
459,0
459,0
457,0
457,0
457,0
456,0
456,0
456,0
456,0
456,0
456,0
456,0
456,0
455,0
455,0
455,0
455,0
455,0
455,0
455,0
455,0
455,0
455,0
455,0
455,0
455,0
455,0
455,0
455,0
455,0
455,0
455,0
455,0
455,0
455,0
455,0
455,0
455,0
455,0
455,0
455,0
455,0
455,0
455,0
455,0
455,0
455,0
455,0
455,0
455,0
455,0
455,0
455,0
455,0
455,0
455,0
455,0
455,0
455,0
455,0
455,0
455,0
455,0
455,0
455,0
455,0
455,0
455,0
455,0
455,0
455,0
455,0
455,0
455,0
455,0
455,0
455,0
455,0
455,0
455,0
455,0
455,0
455,0
455,0
455,0
455,0
455,0
455,0
455,0
455,0
455,0
455,0
455,0
455,0
455,0
455,0
455,0
455,0
455,0
455,0
455,0
455,0
455,0
455,0
455,0
455,0
455,0
455,0
455,0
455,0
455,0
455,0
455,0
455,0
455,0
455,0
455,0
455,0
455,0
455,0
455,0
455,0
455,0
455,0
455,0
455,0
455,0
455,0
455,0
455,0
455,0
455,0
455,0
455,0
455,0
455,0
455,0
455,0
455,0
455,0
455,0
455,0
455,0
455,0
455,0
455,0
455,0
455,0
455,0
455,0
455,0
455,0
455,0
455,0
455,0
455,0
455,0
455,0
455,0
455,0
455,0
455,0
455,0
455,0
455,0
455,0
455,0
455,0
455,0
455,0
455,0
455,0
455,0
455,0
455,0
455,0
455,0
455,0
455,0
455,0
455,0
455,0
455,0
455,0
455,0
455,0
455,0
455,0
455,0
455,0
455,0
455,0
455,0
455,0
455,0
455,0
455,0
455,0
455,0
455,0
455,0
455,0
455,0
455,0
455,0
455,0
455,0
455,0
455,0
455,0
455,0
455,0
455,0
455,0
455,0
455,0
455,0
455,0
455,0
455,0
501,0
530,0
545,0
560,0
569,0
575,0
590,0
594,0
600,0
610,0
617,0
617,0
621,0
628,0
628,0
633,0
635,0
632,0
638,0
637,0
638,0
637,0
639,0
637,0
639,0
642,0
646,0
654,0
653,0
654,0
660,0
665,0
664,0
667,0
668,0
669,0
673,0
672,0
678,0
677,0
682,0
681,0
685,0
685,0
683,0
685,0
690,0
689,0
690,0
690,0
692,0
693,0
696,0
697,0
703,0
709,0
712,0
711,0
714,0
718,0
718,0
719,0
712,0
713,0
714,0
713,0
712,0
706,0
703,0
699,0
696,0
694,0
689,0
685,0
681,0
680,0
670,0
664,0
663,0
660,0
656,0
650,0
645,0
639,0
632,0
628,0
625,0
614,0
612,0
610,0
607,0
599,0
594,0
586,0
578,0
571,0
569,0
564,0
557,0
550,0
545,0
543,0
539,0
536,0
531,0
529,0
524,0
522,0
519,0
515,0
514,0
514,0
512,0
508,0
505,0
505,0
503,0
500,0
498,0
497,0
496,0
495,0
494,0
490,0
490,0
489,0
488,0
488,0
486,0
484,0
483,0
481,0
479,0
478,0
477,0
477,0
475,0
474,0
474,0
474,0
474,0
474,0
473,0
473,0
473,0
471,0
471,0
471,0
471,0
470,0
470,0
470,0
469,0
469,0
469,0
469,0
469,0
469,0
469,0
469,0
469,0
469,0
469,0
469,0
469,0
469,0
469,0
469,0
469,0
469,0
469,0
469,0
469,0
468,0
468,0
468,0
468,0
468,0
468,0
468,0
468,0
468,0
468,0
468,0
468,0
468,0
468,0
468,0
468,0
468,0
468,0
468,0
468,0
468,0
468,0
468,0
468,0
468,0
468,0
468,0
468,0
468,0
468,0
468,0
468,0
468,0
468,0
468,0
468,0
468,0
468,0
468,0
468,0
468,0
468,0
468,0
468,0
468,0
468,0
468,0
468,0
468,0
468,0
468,0
468,0
468,0
468,0
468,0
468,0
468,0
468,0
468,0
468,0
468,0
468,0
468,0
468,0
468,0
468,0
468,0
468,0
468,0
468,0
468,0
468,0
468,0
468,0
468,0
468,0
468,0
468,0
468,0
468,0
468,0
468,0
468,0
468,0
468,0
468,0
468,0
468,0
468,0
468,0
468,0
468,0
468,0
468,0
468,0
468,0
468,0
468,0
468,0
468,0
468,0
468,0
468,0
468,0
468,0
468,0
468,0
468,0
468,0
468,0
468,0
468,0
468,0
468,0
468,0
468,0
468,0
468,0
468,0
468,0
468,0
468,0
468,0
468,0
468,0
468,0
468,0
468,0
468,0
468,0
468,0
468,0
468,0
468,0
468,0
468,0
468,0
468,0
468,0
468,0
468,0
468,0
468,0
468,0
468,0
468,0
468,0
468,0
468,0
468,0
468,0
468,0
468,0
468,0
468,0
468,0
468,0
468,0
468,0
468,0
468,0
468,0
468,0
468,0
468,0
468,0
468,0
468,0
468,0
468,0
468,0
468,0
468,0
468,0
468,0
468,0
468,0
468,0
468,0
468,0
468,0
468,0
468,0
468,0
468,0
468,0
468,0
468,0
468,0
468,0
468,0
468,0
507,0
533,0
554,0
567,0
581,0
595,0
600,0
608,0
618,0
626,0
633,0
639,0
647,0
656,0
652,0
653,0
656,0
663,0
664,0
669,0
673,0
673,0
672,0
678,0
676,0
678,0
678,0
679,0
682,0
680,0
681,0
683,0
683,0
685,0
687,0
690,0
692,0
692,0
689,0
685,0
687,0
685,0
688,0
693,0
692,0
691,0
693,0
692,0
693,0
691,0
690,0
693,0
695,0
697,0
700,0
700,0
701,0
708,0
709,0
709,0
712,0
711,0
713,0
708,0
708,0
705,0
704,0
703,0
701,0
697,0
694,0
688,0
682,0
676,0
672,0
664,0
661,0
659,0
650,0
644,0
639,0
626,0
616,0
610,0
606,0
600,0
593,0
586,0
580,0
573,0
569,0
563,0
557,0
550,0
549,0
546,0
541,0
537,0
531,0
524,0
522,0
516,0
515,0
511,0
507,0
501,0
497,0
497,0
497,0
496,0
491,0
488,0
487,0
486,0
482,0
480,0
479,0
477,0
477,0
475,0
473,0
470,0
467,0
466,0
464,0
463,0
462,0
460,0
460,0
458,0
458,0
458,0
458,0
458,0
458,0
458,0
456,0
455,0
455,0
455,0
455,0
455,0
455,0
455,0
454,0
454,0
454,0
454,0
454,0
454,0
454,0
454,0
454,0
454,0
454,0
454,0
454,0
454,0
454,0
453,0
453,0
453,0
453,0
453,0
453,0
453,0
453,0
453,0
453,0
453,0
453,0
453,0
453,0
453,0
453,0
453,0
453,0
453,0
453,0
453,0
453,0
453,0
453,0
453,0
453,0
453,0
453,0
453,0
453,0
453,0
453,0
453,0
453,0
453,0
453,0
453,0
453,0
453,0
453,0
453,0
453,0
453,0
453,0
453,0
453,0
453,0
453,0
453,0
453,0
453,0
453,0
453,0
453,0
453,0
453,0
453,0
453,0
453,0
453,0
453,0
453,0
453,0
453,0
453,0
453,0
453,0
453,0
453,0
453,0
453,0
453,0
453,0
453,0
453,0
453,0
453,0
453,0
453,0
453,0
453,0
453,0
453,0
453,0
453,0
453,0
453,0
453,0
453,0
453,0
453,0
453,0
453,0
453,0
453,0
453,0
453,0
453,0
453,0
453,0
453,0
453,0
453,0
453,0
453,0
453,0
453,0
453,0
453,0
453,0
453,0
453,0
453,0
453,0
453,0
453,0
453,0
453,0
453,0
453,0
453,0
453,0
453,0
453,0
453,0
453,0
453,0
453,0
453,0
453,0
453,0
453,0
453,0
453,0
453,0
453,0
453,0
453,0
453,0
453,0
453,0
453,0
453,0
453,0
453,0
453,0
453,0
453,0
453,0
453,0
453,0
453,0
453,0
453,0
453,0
453,0
453,0
453,0
453,0
453,0
453,0
453,0
453,0
453,0
453,0
453,0
453,0
453,0
453,0
453,0
453,0
453,0
453,0
453,0
453,0
453,0
453,0
453,0
453,0
453,0
453,0
453,0
453,0
453,0
453,0
453,0
453,0
453,0
453,0
453,0
453,0
453,0
453,0
453,0
453,0
453,0
453,0
453,0
453,0
453,0
453,0
453,0
453,0
453,0
453,0
453,0
496,0
524,0
544,0
562,0
576,0
579,0
586,0
589,0
602,0
614,0
615,0
625,0
629,0
634,0
642,0
644,0
642,0
641,0
645,0
644,0
645,0
647,0
646,0
647,0
653,0
654,0
653,0
655,0
655,0
659,0
663,0
663,0
663,0
660,0
663,0
664,0
663,0
665,0
667,0
669,0
670,0
675,0
675,0
673,0
677,0
676,0
680,0
682,0
686,0
688,0
694,0
695,0
693,0
696,0
700,0
703,0
705,0
701,0
703,0
705,0
708,0
712,0
712,0
711,0
708,0
706,0
703,0
700,0
699,0
696,0
695,0
693,0
689,0
688,0
683,0
679,0
674,0
672,0
665,0
663,0
655,0
649,0
640,0
634,0
627,0
621,0
616,0
608,0
604,0
597,0
592,0
591,0
585,0
581,0
574,0
568,0
563,0
563,0
558,0
553,0
549,0
545,0
543,0
542,0
539,0
535,0
532,0
532,0
531,0
527,0
522,0
519,0
516,0
511,0
508,0
506,0
504,0
500,0
498,0
497,0
495,0
492,0
490,0
488,0
488,0
487,0
486,0
485,0
485,0
484,0
481,0
481,0
481,0
479,0
479,0
478,0
478,0
478,0
478,0
478,0
478,0
478,0
478,0
478,0
478,0
478,0
478,0
477,0
477,0
477,0
477,0
477,0
477,0
477,0
477,0
477,0
477,0
476,0
476,0
476,0
476,0
476,0
476,0
476,0
476,0
476,0
476,0
476,0
476,0
476,0
476,0
476,0
476,0
476,0
476,0
476,0
476,0
476,0
476,0
476,0
476,0
476,0
476,0
476,0
476,0
476,0
476,0
476,0
476,0
476,0
476,0
476,0
476,0
476,0
476,0
476,0
476,0
476,0
476,0
476,0
476,0
476,0
476,0
476,0
476,0
476,0
476,0
476,0
476,0
476,0
476,0
476,0
476,0
476,0
476,0
476,0
476,0
476,0
476,0
476,0
476,0
476,0
476,0
476,0
476,0
476,0
476,0
476,0
476,0
476,0
476,0
476,0
476,0
476,0
476,0
476,0
476,0
476,0
476,0
476,0
476,0
476,0
476,0
476,0
476,0
476,0
476,0
476,0
476,0
476,0
476,0
476,0
476,0
476,0
476,0
476,0
476,0
476,0
476,0
476,0
476,0
476,0
476,0
476,0
476,0
476,0
476,0
476,0
476,0
476,0
476,0
476,0
476,0
476,0
476,0
476,0
476,0
476,0
476,0
476,0
476,0
476,0
476,0
476,0
476,0
476,0
476,0
476,0
476,0
476,0
476,0
476,0
476,0
476,0
476,0
476,0
476,0
476,0
476,0
476,0
476,0
476,0
476,0
476,0
476,0
476,0
476,0
476,0
476,0
476,0
476,0
476,0
476,0
476,0
476,0
476,0
476,0
476,0
476,0
476,0
476,0
476,0
476,0
476,0
476,0
476,0
476,0
476,0
476,0
476,0
476,0
476,0
476,0
476,0
476,0
476,0
476,0
476,0
476,0
476,0
476,0
476,0
476,0
476,0
476,0
476,0
476,0
476,0
476,0
476,0
476,0
476,0
476,0
476,0
476,0
476,0
476,0
476,0
476,0
476,0
476,0
476,0
476,0
476,0
476,0
517,0
538,0
554,0
570,0
579,0
584,0
590,0
595,0
602,0
610,0
615,0
622,0
622,0
626,0
628,0
635,0
639,0
643,0
645,0
652,0
650,0
651,0
654,0
660,0
664,0
669,0
670,0
668,0
668,0
671,0
675,0
678,0
676,0
676,0
679,0
683,0
690,0
688,0
690,0
689,0
689,0
687,0
687,0
685,0
683,0
683,0
684,0
691,0
691,0
690,0
693,0
695,0
696,0
694,0
698,0
698,0
702,0
709,0
708,0
707,0
702,0
698,0
694,0
694,0
691,0
689,0
688,0
687,0
684,0
681,0
676,0
671,0
668,0
659,0
654,0
651,0
647,0
647,0
643,0
638,0
633,0
628,0
624,0
619,0
613,0
605,0
600,0
595,0
588,0
581,0
575,0
570,0
569,0
561,0
556,0
553,0
548,0
542,0
539,0
535,0
529,0
521,0
517,0
514,0
506,0
505,0
501,0
498,0
498,0
495,0
492,0
486,0
481,0
478,0
478,0
477,0
476,0
473,0
471,0
470,0
466,0
465,0
462,0
460,0
458,0
457,0
457,0
456,0
455,0
454,0
454,0
452,0
451,0
451,0
450,0
449,0
449,0
448,0
447,0
446,0
446,0
446,0
446,0
446,0
446,0
446,0
446,0
446,0
446,0
446,0
445,0
444,0
444,0
444,0
444,0
444,0
444,0
444,0
444,0
444,0
444,0
444,0
444,0
444,0
444,0
444,0
444,0
444,0
444,0
444,0
444,0
444,0
444,0
444,0
444,0
444,0
444,0
444,0
444,0
444,0
444,0
444,0
444,0
444,0
444,0
444,0
444,0
444,0
444,0
444,0
444,0
444,0
444,0
444,0
444,0
444,0
444,0
444,0
444,0
444,0
444,0
444,0
444,0
444,0
444,0
444,0
444,0
444,0
444,0
444,0
444,0
444,0
444,0
444,0
444,0
444,0
444,0
444,0
444,0
444,0
444,0
444,0
444,0
444,0
444,0
444,0
444,0
444,0
444,0
444,0
444,0
444,0
444,0
444,0
444,0
444,0
444,0
444,0
444,0
444,0
444,0
444,0
444,0
444,0
444,0
444,0
444,0
444,0
444,0
444,0
444,0
444,0
444,0
444,0
444,0
444,0
444,0
444,0
444,0
444,0
444,0
444,0
444,0
444,0
444,0
444,0
444,0
444,0
444,0
444,0
444,0
444,0
444,0
444,0
444,0
444,0
444,0
444,0
444,0
444,0
444,0
444,0
444,0
444,0
444,0
444,0
444,0
444,0
444,0
444,0
444,0
444,0
444,0
444,0
444,0
444,0
444,0
444,0
444,0
444,0
444,0
444,0
444,0
444,0
444,0
444,0
444,0
444,0
444,0
444,0
444,0
444,0
444,0
444,0
444,0
444,0
444,0
444,0
444,0
444,0
444,0
444,0
444,0
444,0
444,0
444,0
444,0
444,0
444,0
444,0
444,0
444,0
444,0
444,0
444,0
444,0
444,0
444,0
444,0
444,0
444,0
444,0
444,0
444,0
444,0
444,0
444,0
444,0
444,0
444,0
444,0
444,0
444,0
444,0
444,0
444,0
444,0
444,0
444,0
444,0
444,0
444,0
444,0
444,0
444,0
487,0
526,0
541,0
551,0
566,0
576,0
585,0
597,0
606,0
613,0
618,0
620,0
629,0
635,0
639,0
642,0
649,0
646,0
652,0
657,0
659,0
657,0
659,0
659,0
658,0
660,0
664,0
665,0
663,0
660,0
660,0
662,0
665,0
666,0
671,0
670,0
672,0
671,0
674,0
680,0
681,0
684,0
688,0
689,0
690,0
688,0
688,0
691,0
688,0
686,0
686,0
690,0
695,0
698,0
700,0
701,0
701,0
701,0
703,0
706,0
709,0
709,0
708,0
709,0
709,0
710,0
707,0
701,0
699,0
696,0
693,0
688,0
682,0
677,0
673,0
669,0
663,0
657,0
650,0
647,0
636,0
634,0
632,0
620,0
613,0
602,0
597,0
590,0
583,0
574,0
567,0
563,0
556,0
550,0
546,0
543,0
538,0
535,0
532,0
524,0
514,0
510,0
508,0
504,0
502,0
499,0
493,0
492,0
490,0
488,0
483,0
482,0
480,0
479,0
476,0
473,0
472,0
467,0
466,0
465,0
464,0
464,0
464,0
463,0
462,0
461,0
461,0
460,0
460,0
459,0
456,0
455,0
453,0
453,0
453,0
452,0
452,0
452,0
452,0
451,0
451,0
450,0
450,0
450,0
450,0
450,0
450,0
450,0
450,0
450,0
450,0
450,0
450,0
450,0
450,0
450,0
450,0
450,0
450,0
450,0
450,0
450,0
450,0
450,0
450,0
450,0
450,0
450,0
450,0
450,0
450,0
450,0
450,0
450,0
450,0
450,0
450,0
450,0
450,0
450,0
450,0
450,0
450,0
450,0
450,0
450,0
450,0
450,0
450,0
450,0
450,0
450,0
450,0
450,0
450,0
450,0
450,0
450,0
450,0
450,0
450,0
450,0
450,0
450,0
450,0
450,0
450,0
450,0
450,0
450,0
450,0
450,0
450,0
450,0
450,0
450,0
450,0
450,0
450,0
450,0
450,0
450,0
450,0
450,0
450,0
450,0
450,0
450,0
450,0
450,0
450,0
450,0
450,0
450,0
450,0
450,0
450,0
450,0
450,0
450,0
450,0
450,0
450,0
450,0
450,0
450,0
450,0
450,0
450,0
450,0
450,0
450,0
450,0
450,0
450,0
450,0
450,0
450,0
450,0
450,0
450,0
450,0
450,0
450,0
450,0
450,0
450,0
450,0
450,0
450,0
450,0
450,0
450,0
450,0
450,0
450,0
450,0
450,0
450,0
450,0
450,0
450,0
450,0
450,0
450,0
450,0
450,0
450,0
450,0
450,0
450,0
450,0
450,0
450,0
450,0
450,0
450,0
450,0
450,0
450,0
450,0
450,0
450,0
450,0
450,0
450,0
450,0
450,0
450,0
450,0
450,0
450,0
450,0
450,0
450,0
450,0
450,0
450,0
450,0
450,0
450,0
450,0
450,0
450,0
450,0
450,0
450,0
450,0
450,0
450,0
450,0
450,0
450,0
450,0
450,0
450,0
450,0
450,0
450,0
450,0
450,0
450,0
450,0
450,0
450,0
450,0
450,0
450,0
450,0
450,0
450,0
450,0
450,0
450,0
450,0
450,0
450,0
450,0
450,0
450,0
450,0
450,0
450,0
450,0
450,0
500,0
521,0
536,0
552,0
564,0
568,0
574,0
581,0
588,0
593,0
599,0
608,0
615,0
619,0
623,0
624,0
626,0
627,0
631,0
636,0
638,0
643,0
643,0
648,0
648,0
652,0
653,0
653,0
653,0
655,0
655,0
659,0
660,0
665,0
664,0
664,0
664,0
663,0
665,0
665,0
668,0
668,0
672,0
672,0
671,0
672,0
674,0
676,0
675,0
675,0
678,0
677,0
677,0
676,0
677,0
678,0
679,0
683,0
681,0
682,0
687,0
688,0
685,0
685,0
685,0
680,0
680,0
676,0
672,0
670,0
668,0
665,0
659,0
658,0
656,0
656,0
651,0
645,0
639,0
638,0
632,0
624,0
621,0
616,0
606,0
600,0
594,0
591,0
582,0
576,0
570,0
568,0
566,0
562,0
558,0
552,0
548,0
546,0
541,0
537,0
531,0
525,0
520,0
516,0
511,0
508,0
504,0
500,0
499,0
497,0
494,0
491,0
489,0
486,0
486,0
482,0
479,0
477,0
473,0
472,0
471,0
468,0
466,0
464,0
464,0
464,0
463,0
460,0
459,0
459,0
457,0
454,0
454,0
454,0
454,0
454,0
453,0
453,0
452,0
451,0
451,0
450,0
450,0
449,0
448,0
448,0
448,0
448,0
448,0
448,0
448,0
448,0
448,0
448,0
448,0
448,0
448,0
447,0
446,0
446,0
446,0
446,0
446,0
446,0
446,0
446,0
446,0
446,0
446,0
446,0
446,0
446,0
446,0
446,0
446,0
446,0
446,0
446,0
446,0
446,0
446,0
446,0
446,0
446,0
446,0
446,0
446,0
446,0
446,0
446,0
446,0
446,0
446,0
446,0
446,0
446,0
446,0
446,0
446,0
446,0
446,0
446,0
446,0
446,0
446,0
446,0
446,0
446,0
446,0
446,0
446,0
446,0
446,0
446,0
446,0
446,0
446,0
446,0
446,0
446,0
446,0
446,0
446,0
446,0
446,0
446,0
446,0
446,0
446,0
446,0
446,0
446,0
446,0
446,0
446,0
446,0
446,0
446,0
446,0
446,0
446,0
446,0
446,0
446,0
446,0
446,0
446,0
446,0
446,0
446,0
446,0
446,0
446,0
446,0
446,0
446,0
446,0
446,0
446,0
446,0
446,0
446,0
446,0
446,0
446,0
446,0
446,0
446,0
446,0
446,0
446,0
446,0
446,0
446,0
446,0
446,0
446,0
446,0
446,0
446,0
446,0
446,0
446,0
446,0
446,0
446,0
446,0
446,0
446,0
446,0
446,0
446,0
446,0
446,0
446,0
446,0
446,0
446,0
446,0
446,0
446,0
446,0
446,0
446,0
446,0
446,0
446,0
446,0
446,0
446,0
446,0
446,0
446,0
446,0
446,0
446,0
446,0
446,0
446,0
446,0
446,0
446,0
446,0
446,0
446,0
446,0
446,0
446,0
446,0
446,0
446,0
446,0
446,0
446,0
446,0
446,0
446,0
446,0
446,0
446,0
446,0
446,0
446,0
446,0
446,0
446,0
446,0
446,0
446,0
446,0
446,0
446,0
446,0
446,0
446,0
446,0
446,0
446,0
446,0
446,0
446,0
446,0
446,0
446,0
446,0
484,0
507,0
522,0
537,0
546,0
560,0
570,0
576,0
586,0
593,0
598,0
599,0
605,0
612,0
616,0
618,0
625,0
626,0
631,0
634,0
634,0
634,0
632,0
635,0
640,0
644,0
652,0
654,0
653,0
659,0
659,0
666,0
671,0
673,0
679,0
680,0
682,0
688,0
687,0
687,0
690,0
693,0
694,0
695,0
693,0
694,0
699,0
699,0
699,0
701,0
700,0
701,0
702,0
706,0
707,0
709,0
713,0
721,0
721,0
722,0
721,0
720,0
718,0
718,0
719,0
717,0
714,0
709,0
705,0
704,0
704,0
701,0
700,0
698,0
695,0
690,0
686,0
680,0
675,0
672,0
666,0
662,0
657,0
652,0
650,0
646,0
640,0
636,0
633,0
628,0
620,0
619,0
614,0
608,0
604,0
602,0
596,0
587,0
583,0
578,0
574,0
567,0
562,0
557,0
551,0
546,0
544,0
544,0
542,0
540,0
536,0
533,0
531,0
529,0
526,0
524,0
523,0
520,0
520,0
520,0
517,0
514,0
513,0
510,0
509,0
509,0
507,0
504,0
503,0
502,0
502,0
502,0
501,0
501,0
501,0
500,0
498,0
497,0
495,0
495,0
495,0
494,0
493,0
493,0
493,0
493,0
493,0
493,0
493,0
493,0
493,0
493,0
493,0
493,0
493,0
492,0
492,0
492,0
492,0
492,0
492,0
492,0
492,0
492,0
492,0
492,0
492,0
492,0
492,0
492,0
492,0
492,0
492,0
492,0
492,0
492,0
492,0
492,0
492,0
492,0
492,0
492,0
492,0
492,0
492,0
492,0
492,0
492,0
492,0
492,0
492,0
492,0
492,0
492,0
492,0
492,0
492,0
492,0
492,0
492,0
492,0
492,0
492,0
492,0
492,0
492,0
492,0
492,0
492,0
492,0
492,0
492,0
492,0
492,0
492,0
492,0
492,0
492,0
492,0
492,0
492,0
492,0
492,0
492,0
492,0
492,0
492,0
492,0
492,0
492,0
492,0
492,0
492,0
492,0
492,0
492,0
492,0
492,0
492,0
492,0
492,0
492,0
492,0
492,0
492,0
492,0
492,0
492,0
492,0
492,0
492,0
492,0
492,0
492,0
492,0
492,0
492,0
492,0
492,0
492,0
492,0
492,0
492,0
492,0
492,0
492,0
492,0
492,0
492,0
492,0
492,0
492,0
492,0
492,0
492,0
492,0
492,0
492,0
492,0
492,0
492,0
492,0
492,0
492,0
492,0
492,0
492,0
492,0
492,0
492,0
492,0
492,0
492,0
492,0
492,0
492,0
492,0
492,0
492,0
492,0
492,0
492,0
492,0
492,0
492,0
492,0
492,0
492,0
492,0
492,0
492,0
492,0
492,0
492,0
492,0
492,0
492,0
492,0
492,0
492,0
492,0
492,0
492,0
492,0
492,0
492,0
492,0
492,0
492,0
492,0
492,0
492,0
492,0
492,0
492,0
492,0
492,0
492,0
492,0
492,0
492,0
492,0
492,0
492,0
492,0
492,0
492,0
492,0
492,0
492,0
492,0
492,0
492,0
492,0
492,0
492,0
492,0
492,0
492,0
492,0
492,0
492,0
492,0
492,0
492,0
538,0
569,0
584,0
596,0
601,0
606,0
616,0
628,0
635,0
638,0
649,0
655,0
662,0
667,0
672,0
674,0
669,0
668,0
666,0
673,0
674,0
679,0
682,0
687,0
688,0
689,0
687,0
687,0
687,0
688,0
689,0
692,0
693,0
690,0
689,0
689,0
689,0
690,0
691,0
693,0
695,0
697,0
697,0
700,0
701,0
704,0
705,0
705,0
707,0
706,0
707,0
707,0
709,0
708,0
713,0
713,0
714,0
712,0
715,0
715,0
713,0
715,0
714,0
711,0
708,0
708,0
706,0
703,0
698,0
696,0
688,0
686,0
681,0
676,0
674,0
668,0
664,0
660,0
652,0
648,0
641,0
638,0
632,0
626,0
622,0
617,0
611,0
603,0
598,0
595,0
589,0
579,0
579,0
573,0
568,0
561,0
554,0
548,0
543,0
541,0
531,0
526,0
524,0
517,0
515,0
511,0
508,0
505,0
503,0
501,0
496,0
493,0
490,0
489,0
484,0
482,0
480,0
479,0
479,0
475,0
475,0
473,0
471,0
467,0
467,0
466,0
466,0
465,0
462,0
462,0
460,0
458,0
456,0
456,0
456,0
456,0
456,0
455,0
454,0
454,0
453,0
453,0
452,0
451,0
451,0
451,0
451,0
451,0
451,0
451,0
451,0
451,0
451,0
451,0
450,0
449,0
449,0
449,0
449,0
448,0
448,0
448,0
448,0
448,0
448,0
448,0
448,0
448,0
447,0
447,0
447,0
447,0
447,0
447,0
447,0
447,0
447,0
447,0
447,0
447,0
447,0
447,0
447,0
447,0
447,0
447,0
447,0
447,0
447,0
447,0
447,0
447,0
447,0
447,0
447,0
447,0
447,0
447,0
447,0
447,0
447,0
447,0
447,0
447,0
447,0
447,0
447,0
447,0
447,0
447,0
447,0
447,0
447,0
447,0
447,0
447,0
447,0
447,0
447,0
447,0
447,0
447,0
447,0
447,0
447,0
447,0
447,0
447,0
447,0
447,0
447,0
447,0
447,0
447,0
447,0
447,0
447,0
447,0
447,0
447,0
447,0
447,0
447,0
447,0
447,0
447,0
447,0
447,0
447,0
447,0
447,0
447,0
447,0
447,0
447,0
447,0
447,0
447,0
447,0
447,0
447,0
447,0
447,0
447,0
447,0
447,0
447,0
447,0
447,0
447,0
447,0
447,0
447,0
447,0
447,0
447,0
447,0
447,0
447,0
447,0
447,0
447,0
447,0
447,0
447,0
447,0
447,0
447,0
447,0
447,0
447,0
447,0
447,0
447,0
447,0
447,0
447,0
447,0
447,0
447,0
447,0
447,0
447,0
447,0
447,0
447,0
447,0
447,0
447,0
447,0
447,0
447,0
447,0
447,0
447,0
447,0
447,0
447,0
447,0
447,0
447,0
447,0
447,0
447,0
447,0
447,0
447,0
447,0
447,0
447,0
447,0
447,0
447,0
447,0
447,0
447,0
447,0
447,0
447,0
447,0
447,0
447,0
447,0
447,0
447,0
447,0
447,0
447,0
447,0
447,0
447,0
447,0
447,0
447,0
447,0
447,0
447,0
447,0
447,0
447,0
447,0
447,0
447,0
447,0
447,0
496,0
516,0
530,0
532,0
542,0
544,0
545,0
561,0
575,0
575,0
585,0
589,0
595,0
600,0
606,0
618,0
619,0
628,0
630,0
633,0
636,0
635,0
644,0
644,0
638,0
641,0
644,0
648,0
652,0
650,0
652,0
653,0
655,0
653,0
656,0
662,0
662,0
661,0
660,0
658,0
659,0
658,0
660,0
664,0
666,0
669,0
676,0
675,0
674,0
677,0
680,0
679,0
679,0
682,0
680,0
682,0
682,0
686,0
689,0
689,0
688,0
688,0
690,0
690,0
688,0
685,0
686,0
684,0
682,0
680,0
678,0
676,0
672,0
668,0
666,0
662,0
656,0
653,0
647,0
641,0
636,0
633,0
625,0
620,0
620,0
612,0
605,0
599,0
590,0
587,0
582,0
576,0
575,0
573,0
569,0
566,0
559,0
555,0
548,0
541,0
538,0
531,0
522,0
517,0
513,0
504,0
502,0
499,0
497,0
496,0
492,0
490,0
489,0
487,0
482,0
480,0
480,0
478,0
474,0
470,0
468,0
465,0
464,0
462,0
462,0
458,0
457,0
454,0
454,0
453,0
453,0
453,0
452,0
451,0
450,0
450,0
450,0
449,0
449,0
449,0
449,0
448,0
447,0
446,0
446,0
446,0
446,0
446,0
445,0
445,0
444,0
443,0
443,0
443,0
443,0
443,0
443,0
443,0
443,0
443,0
443,0
443,0
443,0
443,0
443,0
443,0
443,0
443,0
443,0
443,0
443,0
443,0
443,0
443,0
443,0
443,0
443,0
443,0
443,0
443,0
443,0
443,0
443,0
443,0
443,0
443,0
443,0
443,0
443,0
443,0
443,0
443,0
443,0
443,0
443,0
443,0
443,0
443,0
443,0
443,0
443,0
443,0
443,0
443,0
443,0
443,0
443,0
443,0
443,0
443,0
443,0
443,0
443,0
443,0
443,0
443,0
443,0
443,0
443,0
443,0
443,0
443,0
443,0
443,0
443,0
443,0
443,0
443,0
443,0
443,0
443,0
443,0
443,0
443,0
443,0
443,0
443,0
443,0
443,0
443,0
443,0
443,0
443,0
443,0
443,0
443,0
443,0
443,0
443,0
443,0
443,0
443,0
443,0
443,0
443,0
443,0
443,0
443,0
443,0
443,0
443,0
443,0
443,0
443,0
443,0
443,0
443,0
443,0
443,0
443,0
443,0
443,0
443,0
443,0
443,0
443,0
443,0
443,0
443,0
443,0
443,0
443,0
443,0
443,0
443,0
443,0
443,0
443,0
443,0
443,0
443,0
443,0
443,0
443,0
443,0
443,0
443,0
443,0
443,0
443,0
443,0
443,0
443,0
443,0
443,0
443,0
443,0
443,0
443,0
443,0
443,0
443,0
443,0
443,0
443,0
443,0
443,0
443,0
443,0
443,0
443,0
443,0
443,0
443,0
443,0
443,0
443,0
443,0
443,0
443,0
443,0
443,0
443,0
443,0
443,0
443,0
443,0
443,0
443,0
443,0
443,0
443,0
443,0
443,0
443,0
443,0
443,0
443,0
443,0
443,0
443,0
443,0
443,0
443,0
443,0
443,0
443,0
443,0
443,0
443,0
443,0
443,0
443,0
443,0
443,0
491,0
507,0
527,0
549,0
563,0
571,0
578,0
584,0
588,0
595,0
602,0
609,0
617,0
618,0
621,0
630,0
629,0
628,0
629,0
631,0
634,0
635,0
636,0
639,0
637,0
640,0
644,0
644,0
646,0
648,0
645,0
649,0
654,0
653,0
655,0
653,0
656,0
661,0
661,0
665,0
664,0
666,0
668,0
667,0
667,0
667,0
673,0
677,0
678,0
682,0
683,0
688,0
692,0
695,0
699,0
701,0
704,0
704,0
706,0
711,0
713,0
712,0
711,0
709,0
708,0
708,0
707,0
705,0
699,0
699,0
696,0
692,0
690,0
682,0
677,0
676,0
672,0
667,0
662,0
659,0
656,0
649,0
645,0
640,0
638,0
633,0
630,0
626,0
621,0
617,0
612,0
610,0
604,0
599,0
595,0
587,0
578,0
574,0
570,0
565,0
560,0
558,0
554,0
551,0
547,0
544,0
539,0
538,0
535,0
532,0
530,0
527,0
527,0
526,0
523,0
522,0
522,0
519,0
517,0
515,0
515,0
514,0
513,0
512,0
511,0
510,0
509,0
507,0
507,0
506,0
503,0
502,0
501,0
499,0
497,0
496,0
495,0
495,0
495,0
495,0
495,0
494,0
493,0
493,0
493,0
493,0
493,0
493,0
493,0
493,0
493,0
493,0
493,0
493,0
493,0
493,0
492,0
492,0
492,0
492,0
492,0
492,0
492,0
492,0
492,0
492,0
492,0
492,0
492,0
492,0
492,0
492,0
492,0
492,0
492,0
492,0
492,0
492,0
492,0
492,0
492,0
492,0
492,0
492,0
492,0
492,0
492,0
492,0
492,0
492,0
492,0
492,0
492,0
492,0
492,0
492,0
492,0
492,0
492,0
492,0
492,0
492,0
492,0
492,0
492,0
492,0
492,0
492,0
492,0
492,0
492,0
492,0
492,0
492,0
492,0
492,0
492,0
492,0
492,0
492,0
492,0
492,0
492,0
492,0
492,0
492,0
492,0
492,0
492,0
492,0
492,0
492,0
492,0
492,0
492,0
492,0
492,0
492,0
492,0
492,0
492,0
492,0
492,0
492,0
492,0
492,0
492,0
492,0
492,0
492,0
492,0
492,0
492,0
492,0
492,0
492,0
492,0
492,0
492,0
492,0
492,0
492,0
492,0
492,0
492,0
492,0
492,0
492,0
492,0
492,0
492,0
492,0
492,0
492,0
492,0
492,0
492,0
492,0
492,0
492,0
492,0
492,0
492,0
492,0
492,0
492,0
492,0
492,0
492,0
492,0
492,0
492,0
492,0
492,0
492,0
492,0
492,0
492,0
492,0
492,0
492,0
492,0
492,0
492,0
492,0
492,0
492,0
492,0
492,0
492,0
492,0
492,0
492,0
492,0
492,0
492,0
492,0
492,0
492,0
492,0
492,0
492,0
492,0
492,0
492,0
492,0
492,0
492,0
492,0
492,0
492,0
492,0
492,0
492,0
492,0
492,0
492,0
492,0
492,0
492,0
492,0
492,0
492,0
492,0
492,0
492,0
492,0
492,0
492,0
492,0
492,0
492,0
492,0
492,0
492,0
492,0
492,0
492,0
492,0
492,0
492,0
492,0
492,0
492,0
492,0
538,0
566,0
584,0
602,0
616,0
623,0
635,0
641,0
651,0
658,0
669,0
673,0
684,0
685,0
686,0
689,0
695,0
700,0
699,0
703,0
706,0
709,0
708,0
709,0
713,0
714,0
714,0
714,0
717,0
717,0
716,0
716,0
714,0
712,0
709,0
713,0
713,0
715,0
714,0
713,0
713,0
715,0
714,0
717,0
716,0
718,0
717,0
720,0
724,0
724,0
728,0
729,0
731,0
734,0
734,0
736,0
738,0
739,0
741,0
741,0
743,0
743,0
743,0
743,0
739,0
736,0
731,0
729,0
723,0
721,0
718,0
712,0
709,0
706,0
700,0
694,0
691,0
685,0
679,0
672,0
666,0
658,0
650,0
643,0
636,0
633,0
626,0
620,0
618,0
610,0
604,0
603,0
602,0
596,0
588,0
579,0
574,0
570,0
564,0
562,0
553,0
549,0
546,0
543,0
541,0
536,0
535,0
530,0
528,0
524,0
521,0
521,0
520,0
519,0
516,0
514,0
512,0
512,0
512,0
511,0
511,0
510,0
509,0
505,0
503,0
503,0
500,0
499,0
497,0
497,0
496,0
496,0
496,0
496,0
494,0
494,0
493,0
493,0
493,0
493,0
493,0
493,0
493,0
493,0
493,0
493,0
493,0
493,0
493,0
493,0
492,0
492,0
492,0
492,0
492,0
492,0
492,0
492,0
491,0
491,0
491,0
491,0
491,0
491,0
491,0
491,0
491,0
491,0
491,0
491,0
491,0
491,0
491,0
491,0
491,0
491,0
491,0
491,0
491,0
491,0
491,0
491,0
491,0
491,0
491,0
491,0
491,0
491,0
491,0
491,0
491,0
491,0
491,0
491,0
491,0
491,0
491,0
491,0
491,0
491,0
491,0
491,0
491,0
491,0
491,0
491,0
491,0
491,0
491,0
491,0
491,0
491,0
491,0
491,0
491,0
491,0
491,0
491,0
491,0
491,0
491,0
491,0
491,0
491,0
491,0
491,0
491,0
491,0
491,0
491,0
491,0
491,0
491,0
491,0
491,0
491,0
491,0
491,0
491,0
491,0
491,0
491,0
491,0
491,0
491,0
491,0
491,0
491,0
491,0
491,0
491,0
491,0
491,0
491,0
491,0
491,0
491,0
491,0
491,0
491,0
491,0
491,0
491,0
491,0
491,0
491,0
491,0
491,0
491,0
491,0
491,0
491,0
491,0
491,0
491,0
491,0
491,0
491,0
491,0
491,0
491,0
491,0
491,0
491,0
491,0
491,0
491,0
491,0
491,0
491,0
491,0
491,0
491,0
491,0
491,0
491,0
491,0
491,0
491,0
491,0
491,0
491,0
491,0
491,0
491,0
491,0
491,0
491,0
491,0
491,0
491,0
491,0
491,0
491,0
491,0
491,0
491,0
491,0
491,0
491,0
491,0
491,0
491,0
491,0
491,0
491,0
491,0
491,0
491,0
491,0
491,0
491,0
491,0
491,0
491,0
491,0
491,0
491,0
491,0
491,0
491,0
491,0
491,0
491,0
491,0
491,0
491,0
491,0
491,0
491,0
491,0
491,0
491,0
491,0
491,0
491,0
491,0
491,0
491,0
491,0
491,0
491,0
491,0
491,0
491,0
538,0
566,0
583,0
603,0
616,0
624,0
631,0
648,0
650,0
657,0
669,0
670,0
667,0
670,0
672,0
673,0
679,0
684,0
687,0
689,0
693,0
690,0
696,0
697,0
696,0
699,0
698,0
700,0
701,0
702,0
699,0
698,0
697,0
698,0
699,0
704,0
703,0
704,0
707,0
705,0
704,0
705,0
707,0
708,0
710,0
706,0
711,0
715,0
717,0
720,0
720,0
724,0
728,0
723,0
722,0
721,0
722,0
722,0
722,0
724,0
721,0
722,0
721,0
721,0
716,0
715,0
713,0
713,0
711,0
711,0
708,0
701,0
698,0
694,0
691,0
689,0
684,0
677,0
671,0
668,0
661,0
656,0
645,0
641,0
637,0
627,0
617,0
610,0
605,0
598,0
593,0
586,0
577,0
571,0
562,0
555,0
554,0
551,0
546,0
540,0
537,0
531,0
525,0
520,0
518,0
513,0
511,0
509,0
505,0
497,0
495,0
494,0
492,0
489,0
486,0
485,0
482,0
479,0
478,0
473,0
471,0
467,0
466,0
465,0
465,0
464,0
464,0
463,0
462,0
460,0
458,0
458,0
457,0
457,0
457,0
456,0
455,0
454,0
454,0
453,0
453,0
453,0
453,0
453,0
452,0
452,0
452,0
452,0
452,0
452,0
452,0
452,0
452,0
452,0
452,0
452,0
452,0
452,0
452,0
452,0
452,0
452,0
452,0
452,0
452,0
452,0
452,0
452,0
452,0
452,0
452,0
452,0
452,0
452,0
452,0
452,0
452,0
452,0
452,0
452,0
452,0
452,0
452,0
452,0
452,0
452,0
452,0
452,0
452,0
452,0
452,0
452,0
452,0
452,0
452,0
452,0
452,0
452,0
452,0
452,0
452,0
452,0
452,0
452,0
452,0
452,0
452,0
452,0
452,0
452,0
452,0
452,0
452,0
452,0
452,0
452,0
452,0
452,0
452,0
452,0
452,0
452,0
452,0
452,0
452,0
452,0
452,0
452,0
452,0
452,0
452,0
452,0
452,0
452,0
452,0
452,0
452,0
452,0
452,0
452,0
452,0
452,0
452,0
452,0
452,0
452,0
452,0
452,0
452,0
452,0
452,0
452,0
452,0
452,0
452,0
452,0
452,0
452,0
452,0
452,0
452,0
452,0
452,0
452,0
452,0
452,0
452,0
452,0
452,0
452,0
452,0
452,0
452,0
452,0
452,0
452,0
452,0
452,0
452,0
452,0
452,0
452,0
452,0
452,0
452,0
452,0
452,0
452,0
452,0
452,0
452,0
452,0
452,0
452,0
452,0
452,0
452,0
452,0
452,0
452,0
452,0
452,0
452,0
452,0
452,0
452,0
452,0
452,0
452,0
452,0
452,0
452,0
452,0
452,0
452,0
452,0
452,0
452,0
452,0
452,0
452,0
452,0
452,0
452,0
452,0
452,0
452,0
452,0
452,0
452,0
452,0
452,0
452,0
452,0
452,0
452,0
452,0
452,0
452,0
452,0
452,0
452,0
452,0
452,0
452,0
452,0
452,0
452,0
452,0
452,0
452,0
452,0
452,0
452,0
452,0
452,0
452,0
452,0
452,0
452,0
452,0
452,0
452,0
452,0
452,0
499,0
526,0
550,0
556,0
566,0
579,0
584,0
593,0
598,0
601,0
608,0
611,0
619,0
626,0
628,0
631,0
634,0
638,0
644,0
644,0
647,0
655,0
662,0
663,0
664,0
662,0
662,0
666,0
669,0
666,0
668,0
667,0
668,0
669,0
671,0
675,0
674,0
674,0
675,0
675,0
674,0
673,0
672,0
673,0
675,0
676,0
679,0
683,0
685,0
688,0
689,0
690,0
692,0
698,0
701,0
707,0
706,0
707,0
709,0
709,0
710,0
706,0
708,0
708,0
707,0
706,0
703,0
701,0
697,0
693,0
688,0
680,0
676,0
674,0
663,0
662,0
655,0
649,0
642,0
637,0
627,0
622,0
615,0
611,0
603,0
594,0
585,0
579,0
573,0
569,0
563,0
558,0
556,0
548,0
543,0
536,0
530,0
527,0
523,0
517,0
511,0
507,0
502,0
498,0
495,0
494,0
488,0
486,0
484,0
481,0
480,0
477,0
474,0
470,0
466,0
465,0
462,0
460,0
460,0
459,0
457,0
457,0
455,0
455,0
453,0
451,0
450,0
449,0
449,0
449,0
449,0
449,0
449,0
449,0
448,0
448,0
448,0
448,0
448,0
447,0
446,0
446,0
446,0
446,0
446,0
446,0
446,0
446,0
446,0
446,0
446,0
446,0
446,0
445,0
445,0
445,0
445,0
445,0
445,0
445,0
445,0
445,0
445,0
445,0
445,0
445,0
445,0
445,0
445,0
445,0
445,0
445,0
445,0
445,0
445,0
445,0
445,0
445,0
445,0
445,0
445,0
445,0
445,0
445,0
445,0
445,0
445,0
445,0
445,0
445,0
445,0
445,0
445,0
445,0
445,0
445,0
445,0
445,0
445,0
445,0
445,0
445,0
445,0
445,0
445,0
445,0
445,0
445,0
445,0
445,0
445,0
445,0
445,0
445,0
445,0
445,0
445,0
445,0
445,0
445,0
445,0
445,0
445,0
445,0
445,0
445,0
445,0
445,0
445,0
445,0
445,0
445,0
445,0
445,0
445,0
445,0
445,0
445,0
445,0
445,0
445,0
445,0
445,0
445,0
445,0
445,0
445,0
445,0
445,0
445,0
445,0
445,0
445,0
445,0
445,0
445,0
445,0
445,0
445,0
445,0
445,0
445,0
445,0
445,0
445,0
445,0
445,0
445,0
445,0
445,0
445,0
445,0
445,0
